0.000000000000000000e+00 3.830000000000001875e+14 3.673550406131648101e+35 3.544837422940636032e+34 0.000000000000000000e+00 -6.100616430616498942e-01 0.000000000000000000e+00 1.051706043975381025e+21 0.000000000000000000e+00 3.000000000000000000e+00
5.256154905177947512e+03 3.829967145159283125e+14 3.673515852536217724e+35 3.544746197820659783e+34 2.486249999999999979e+26 -6.100571135508954246e-01 7.025306643131311235e-06 1.051703662108246409e+21 -8.617547406153822247e-10 3.000000000000000000e+00
1.051230981035589502e+04 3.829868580554076875e+14 3.673412192132115091e+35 3.544472531620756493e+34 1.988956502531645982e+27 -6.100435251050975172e-01 2.810090814596129258e-05 1.051696516623416295e+21 -1.723486703066792794e-09 3.000000000000000000e+00
1.576846471553384436e+04 3.829704304310941250e+14 3.673239424357625777e+35 3.544016447310949771e+34 6.712535439145432482e+27 -6.100208780053184565e-01 6.322633816320320343e-05 1.051684607752867283e+21 -2.585188612583882334e-09 3.000000000000000000e+00
2.102461962071179005e+04 3.829474313218267500e+14 3.672997548182750001e+35 3.543377982927220402e+34 1.591056458151364573e+28 -6.099891726668662528e-01 1.124006881835025424e-04 1.051667935876797563e+21 -3.446842320040430164e-09 3.000000000000000000e+00
2.628077452588973756e+04 3.829178602865201875e+14 3.672686562255343637e+35 3.542557191957713838e+34 3.107374156038976602e+28 -6.099484096831517821e-01 1.756226977411850132e-04 1.051646501533758783e+21 -4.308431391616185980e-09 3.000000000000000000e+00
3.153692943106768871e+04 3.828817167592856875e+14 3.672306464849825931e+35 3.541554143207903258e+34 5.369209047444043890e+28 -6.098985898191686683e-01 2.528907473653674277e-04 1.051620305417199550e+21 -5.169939566385869629e-09 3.000000000000000000e+00
3.679308433624563622e+04 3.828390000486340625e+14 3.671857253858845269e+35 3.540368920779293265e+34 8.525479348974979756e+28 -6.098397140106603942e-01 3.442028570644419276e-04 1.051589348374994223e+21 -6.031350610928186282e-09 3.000000000000000000e+00
4.204923924142358010e+04 3.827897093371677500e+14 3.671338926790089360e+35 3.539001624061884853e+34 1.272500224276423491e+29 -6.097717833640190488e-01 4.495566853927778959e-04 1.051553631409348805e+21 -6.892648289629196240e-09 3.000000000000000000e+00
4.730539414660153125e+04 3.827338436813619375e+14 3.670751480764045066e+35 3.537452367729308229e+34 1.811647703384447374e+29 -6.096947991563685942e-01 5.689495285461605234e-04 1.051513155676793733e+21 -7.753816354872349908e-09 3.000000000000000000e+00
5.256154905177947512e+04 3.826714020113550000e+14 3.670094912511860792e+35 3.535721281734397448e+34 2.484846830588390243e+29 -6.096087628357180765e-01 7.023783193781037463e-04 1.051467922488209965e+21 -8.614838542145482044e-09 3.000000000000000000e+00
5.781770395695742627e+04 3.826023831307260625e+14 3.669369218373091559e+35 3.533808511304605926e+34 3.306938907503903508e+29 -6.095136760211585791e-01 8.498396263041980850e-04 1.051417933308866724e+21 -9.475698566672413182e-09 3.000000000000000000e+00
6.307385886213537742e+04 3.825267857162524375e+14 3.668574394293233776e+35 3.531714216937057186e+34 4.292748394167531876e+29 -6.094095405030899304e-01 1.011329652086499428e-03 1.051363189758470128e+21 -1.033638012059632190e-08 3.000000000000000000e+00
6.833001376731331402e+04 3.824446083176445000e+14 3.667710435821037186e+35 3.529438574393165321e+34 5.457081223970573772e+29 -6.092963582434787195e-01 1.186844232492043029e-03 1.051303693611218502e+21 -1.119686687038644921e-08 3.000000000000000000e+00
7.358616867249127245e+04 3.823558493572555625e+14 3.666777338105563714e+35 3.526981774692778617e+34 6.814723118335640559e+29 -6.091741313761400711e-01 1.376378834824876262e-03 1.051239446795864244e+21 -1.205714245435070196e-08 3.000000000000000000e+00
7.884232357766921632e+04 3.822605071297674375e+14 3.665775095892996917e+35 3.524344024107834797e+34 8.380437901099556797e+29 -6.090428622070471754e-01 1.579928556328859040e-03 1.051170451395781591e+21 -1.291719048018004972e-08 3.000000000000000000e+00
8.409847848284716019e+04 3.821585798018505625e+14 3.664703703523203514e+35 3.521525544155520041e+34 1.016896581258750636e+30 -6.089025532146656872e-01 1.797488122461460324e-03 1.051096709649040933e+21 -1.377699452252033441e-08 3.000000000000000000e+00
8.935463338802511862e+04 3.820500654117978125e+14 3.663563154926018949e+35 3.518526571590935946e+34 1.219502182334582261e+30 -6.087532070503143267e-01 2.029051885037858570e-03 1.051018223948487590e+21 -1.463653812054721999e-08 3.000000000000000000e+00
9.461078829320306249e+04 3.819349618691331875e+14 3.662353443617282077e+35 3.515347358399262431e+34 1.447329394751198544e+30 -6.085948265385501266e-01 2.274613820244631313e-03 1.050934996841827140e+21 -1.549580477554436142e-08 3.000000000000000000e+00
9.986694319838099182e+04 3.818132669541950625e+14 3.661074562694622665e+35 3.511988171787442859e+34 1.701844155581453579e+30 -6.084274146775781045e-01 2.534167526525069568e-03 1.050847031031718216e+21 -1.635477794849371509e-08 3.000000000000000000e+00
1.051230981035589502e+05 3.816849783176890625e+14 3.659726504832924237e+35 3.508449294175265968e+34 1.984509368807774890e+30 -6.082509746396915773e-01 2.807706222321551450e-03 1.050754329375865307e+21 -1.721344105759852328e-08 3.000000000000000000e+00
1.103792530087368941e+05 3.815500934802204375e+14 3.658309262279598009e+35 3.504731023186109747e+34 2.296784736538765814e+30 -6.080655097717311275e-01 3.095222743701658754e-03 1.050656894887125451e+21 -1.807177747588897043e-08 3.000000000000000000e+00
1.156354079139148525e+05 3.814086098317955625e+14 3.656822826849537342e+35 3.500833671637048915e+34 2.640126590171271948e+30 -6.078710235955728791e-01 3.396709541841176020e-03 1.050554730733614531e+21 -1.892977052875729074e-08 3.000000000000000000e+00
1.208915628190927964e+05 3.812605246312970625e+14 3.655267189919808768e+35 3.496757567528514134e+34 3.015987721503502773e+30 -6.076675198086434193e-01 3.712158680373914450e-03 1.050447840238821442e+21 -1.978740349149814338e-08 3.000000000000000000e+00
1.261477177242707548e+05 3.811058350059325000e+14 3.653642342424073692e+35 3.492503054033435640e+34 3.425817213795442858e+30 -6.074550022844584785e-01 4.041561832609483901e-03 1.050336226881728414e+21 -2.064465958684223777e-08 3.000000000000000000e+00
1.314038726294486842e+05 3.809445379506546875e+14 3.651948274846732663e+35 3.488070489485886965e+34 3.871060272772685470e+30 -6.072334750731886999e-01 4.384910278614101951e-03 1.050219894296937497e+21 -2.150152198247703839e-08 3.000000000000000000e+00
1.366600275346266280e+05 3.807766303275550000e+14 3.650184977216794405e+35 3.483460247369227373e+34 4.353158057570488215e+30 -6.070029424022518327e-01 4.742194902155289632e-03 1.050098846274800583e+21 -2.235797378855419500e-08 3.000000000000000000e+00
1.419161824398045719e+05 3.806021088652283125e+14 3.648352439101455622e+35 3.478672716303740232e+34 4.873547511617955577e+30 -6.067634086769295720e-01 5.113406187512835148e-03 1.049973086761559654e+21 -2.321399805519537467e-08 3.000000000000000000e+00
1.471723373449825449e+05 3.804209701581090000e+14 3.646450649599400398e+35 3.473708300033765490e+34 5.433661193451167039e+30 -6.065148784810134863e-01 5.498534216145116796e-03 1.049842619859489260e+21 -2.406957776996307768e-08 3.000000000000000000e+00
1.524284922501604597e+05 3.802332106657795000e+14 3.644479597333818471e+35 3.468567417414335930e+34 6.034927107462483004e+30 -6.062573565774742601e-01 5.897568663223043059e-03 1.049707449827045409e+21 -2.492469585534002294e-08 3.000000000000000000e+00
1.576846471553384326e+05 3.800388267122489375e+14 3.642439270445125417e+35 3.463250502397308908e+34 6.678768534575761436e+30 -6.059908479091602462e-01 6.310498794021867676e-03 1.049567581079024566e+21 -2.577933516618617317e-08 3.000000000000000000e+00
1.629408020605163765e+05 3.798378144852026875e+14 3.640329656583399475e+35 3.457758004016997724e+34 7.366603862843555264e+30 -6.057153575995217754e-01 6.737313460170247376e-03 1.049423018186723033e+21 -2.663347848717492491e-08 3.000000000000000000e+00
1.681969569656943204e+05 3.796301700352228125e+14 3.638150742900512915e+35 3.452090386375294783e+34 8.099846417968866619e+30 -6.054308909533614447e-01 7.178001095761265930e-03 1.049273765878106948e+21 -2.748710853022685685e-08 3.000000000000000000e+00
1.734531118708722643e+05 3.794158892749773750e+14 3.635902516041968976e+35 3.446248128626300384e+34 8.879904293741493108e+30 -6.051374534576137165e-01 7.632549713318254048e-03 1.049119829037986742e+21 -2.834020793191958239e-08 3.000000000000000000e+00
1.787092667760502372e+05 3.791949679783805000e+14 3.633584962138437765e+35 3.440231724960451604e+34 9.708180182386707027e+30 -6.048350507821500521e-01 8.100946899615492705e-03 1.048961212708198023e+21 -2.919275925087974192e-08 3.000000000000000000e+00
1.839654216812281811e+05 3.789674017797212500e+14 3.631198066796986677e+35 3.434041684588142050e+34 1.058607120482689237e+31 -6.045236887806124670e-01 8.583179811357755096e-03 1.048797922087789396e+21 -3.004474496516728228e-08 3.000000000000000000e+00
1.892215765864061250e+05 3.787331861727609375e+14 3.628741815091993524e+35 3.427678531722847235e+34 1.151496874084489530e+31 -6.042033734912735099e-01 9.079235170708643138e-03 1.048629962533216059e+21 -3.089614746963261803e-08 3.000000000000000000e+00
1.944777314915840689e+05 3.784923165097994375e+14 3.626216191555758625e+35 3.421142805563749137e+34 1.249625825914756918e+31 -6.038741111379264392e-01 9.589099260672083111e-03 1.048457339558540476e+21 -3.174694907325469148e-08 3.000000000000000000e+00
1.997338863967619836e+05 3.782447880007087500e+14 3.623621180168786315e+35 3.414435060277855760e+34 1.353131914734515525e+31 -6.035359081308000473e-01 1.011275792033804188e-02 1.048280058835639861e+21 -3.259713199649757142e-08 3.000000000000000000e+00
2.049900413019399566e+05 3.779905957119347500e+14 3.620956764349749924e+35 3.407555864981622190e+34 1.462152454179129940e+31 -6.031887710675041259e-01 1.065019653995328587e-02 1.048098126194419302e+21 -3.344667836858019795e-08 3.000000000000000000e+00
2.102461962071179005e+05 3.777297345654654375e+14 3.618222926945136507e+35 3.400505803722072653e+34 1.576824115732826931e+31 -6.028327067340042422e-01 1.120140005585352865e-02 1.047911547623033012e+21 -3.429557022476524176e-08 3.000000000000000000e+00
2.155023511122958444e+05 3.774621993377658125e+14 3.615419650218548473e+35 3.393285475457424979e+34 1.697282911692726467e+31 -6.024677221056216059e-01 1.176635294525101537e-02 1.047720329268110295e+21 -3.514378950364532306e-08 3.000000000000000000e+00
2.207585060174737882e+05 3.771879846586786875e+14 3.612546915839677597e+35 3.385895494037212392e+34 1.823664178119586458e+31 -6.020938243480651320e-01 1.234503922085769187e-02 1.047524477434991346e+21 -3.599131804438409293e-08 3.000000000000000000e+00
2.260146609226517612e+05 3.769070850102915000e+14 3.609604704872942563e+35 3.378336488181909541e+34 1.956102557775535911e+31 -6.017110208184912601e-01 1.293744242534946784e-02 1.047323998587967242e+21 -3.683813758392978610e-08 3.000000000000000000e+00
2.312708158278297051e+05 3.766194947257667500e+14 3.606592997765768641e+35 3.370609101462042483e+34 2.094731983050794757e+31 -6.013193190665919730e-01 1.354354562568678769e-02 1.047118899350529114e+21 -3.768422975423862046e-08 3.000000000000000000e+00
2.365269707330076490e+05 3.763252079881376250e+14 3.603511774336517614e+35 3.362713992276818134e+34 2.239685658874606317e+31 -6.009187268357143452e-01 1.416333140726048871e-02 1.046909186505621635e+21 -3.852957607943959914e-08 3.000000000000000000e+00
2.417831256381855928e+05 3.760242188290674375e+14 3.600361013762084184e+35 3.354651833832250117e+34 2.391096045613516000e+31 -6.005092520640087361e-01 1.479678186788697773e-02 1.046694866995907789e+21 -3.937415797299840593e-08 3.000000000000000000e+00
2.470392805433635367e+05 3.757165211275717500e+14 3.597140694565093938e+35 3.346423314118781477e+34 2.549094841954840587e+31 -6.000909028856069583e-01 1.544387861163860724e-02 1.046475947924037173e+21 -4.021795673485320975e-08 3.000000000000000000e+00
2.522954354485415097e+05 3.754021086087028750e+14 3.593850794600761881e+35 3.338029135888406571e+34 2.713812967774715392e+31 -5.996636876318315323e-01 1.610460274250904641e-02 1.046252436552922431e+21 -4.106095354852255662e-08 3.000000000000000000e+00
2.575515903537194245e+05 3.750809748421964375e+14 3.590491291043368024e+35 3.329470016631293969e+34 2.885380546990921510e+31 -5.992276148324335860e-01 1.677893485791479705e-02 1.046024340306026299e+21 -4.190312947819431600e-08 3.000000000000000000e+00
2.628077452588973683e+05 3.747531132410786250e+14 3.587062160372344851e+35 3.320746688551920516e+34 3.063926890399146564e+31 -5.987826932168640592e-01 1.746685504202841535e-02 1.045791666767650488e+21 -4.274446546578545070e-08 3.000000000000000000e+00
2.680639001640753122e+05 3.744185170602341250e+14 3.583563378357988468e+35 3.311859898544687507e+34 3.249580478492512789e+31 -5.983289317155739973e-01 1.816834285894235873e-02 1.045554423683238068e+21 -4.358494232797740162e-08 3.000000000000000000e+00
2.733200550692532561e+05 3.740771793949338125e+14 3.579994920046774996e+35 3.302810408169052167e+34 3.442468944263760850e+31 -5.978663394613461524e-01 1.888337734566306395e-02 1.045312618959679259e+21 -4.442454075322634596e-08 3.000000000000000000e+00
2.785762099744312000e+05 3.737290931793201875e+14 3.576356759746265234e+35 3.293598993624154615e+34 3.642719055988989612e+31 -5.973949257906603361e-01 1.961193700492904618e-02 1.045066260665627836e+21 -4.526324129874274391e-08 3.000000000000000000e+00
2.838323648796091438e+05 3.733742511848526250e+14 3.572648871009617505e+35 3.284226445722944464e+34 3.850456699993150935e+31 -5.969147002450869710e-01 2.035399979785803767e-02 1.044815357031822655e+21 -4.610102438744869707e-08 3.000000000000000000e+00
2.890885197847871459e+05 3.730126460187079375e+14 3.568871226619668859e+35 3.274693569865805666e+34 4.065806863395362486e+31 -5.964256725727175024e-01 2.110954313641220589e-02 1.044559916451420701e+21 -4.693787030489942039e-08 3.000000000000000000e+00
2.943446746899650898e+05 3.726442701221387500e+14 3.565023798572605275e+35 3.265001186013686059e+34 4.288893616835508993e+31 -5.959278527296223427e-01 2.187854387569207124e-02 1.044299947480335254e+21 -4.777375919618963967e-08 3.000000000000000000e+00
2.996008295951429754e+05 3.722691157687865625e+14 3.561106558061192831e+35 3.255150128660727014e+34 4.519840097179179380e+31 -5.954212508813445659e-01 2.266097830604435134e-02 1.044035458837583364e+21 -4.860867106282152174e-08 3.000000000000000000e+00
3.048569845003209193e+05 3.718871750629496250e+14 3.557119475457572799e+35 3.245141246806380255e+34 4.758768490199278874e+31 -5.949058774044271303e-01 2.345682214497772991e-02 1.043766459405641843e+21 -4.944258575952781129e-08 3.000000000000000000e+00
3.101131394054988632e+05 3.714984399378041875e+14 3.553062520295605156e+35 3.234975403927043228e+34 5.005800013238538621e+31 -5.943817428879711873e-01 2.426605052891016995e-02 1.043492958230811902e+21 -5.027548299109354482e-08 3.000000000000000000e+00
3.153692943106768653e+05 3.711029021535783750e+14 3.548935661252753883e+35 3.224653477947175186e+34 5.261054897847279846e+31 -5.938488581352296958e-01 2.508863800471940186e-02 1.043214964523591533e+21 -5.110734230913084699e-08 3.000000000000000000e+00
3.206254492158548092e+05 3.707005532956785000e+14 3.544738866131513305e+35 3.214176361209928590e+34 5.524652372397371067e+31 -5.933072341652350090e-01 2.592455852110364667e-02 1.042932487659056529e+21 -5.193814310882303521e-08 3.000000000000000000e+00
3.258816041210327530e+05 3.702913847727646875e+14 3.540472101840349658e+35 3.203544960447263536e+34 5.796710644671434437e+31 -5.927568822144599903e-01 2.677378541975027407e-02 1.042645537177251480e+21 -5.276786462563619291e-08 3.000000000000000000e+00
3.311377590262106969e+05 3.698753878147763750e+14 3.536135334374154174e+35 3.192760196749571507e+34 6.077346884426424800e+31 -5.921978137385148777e-01 2.763629142630939090e-02 1.042354122783589401e+21 -5.359648593199735118e-08 3.000000000000000000e+00
3.363939139313886408e+05 3.694525534709067500e+14 3.531728528794209185e+35 3.181823005534785373e+34 6.366677205931572451e+31 -5.916300404138792324e-01 2.851204864117401136e-02 1.042058254349257409e+21 -5.442398593394504253e-08 3.000000000000000000e+00
3.416500688365665847e+05 3.690228726075234375e+14 3.527251649207636235e+35 3.170734336516993180e+34 6.664816650478191020e+31 -5.910535741396674148e-01 2.940102853005666789e-02 1.041757941911636148e+21 -5.525034336773930961e-08 3.000000000000000000e+00
3.469062237417445285e+05 3.685863359060358750e+14 3.522704658746335797e+35 3.159495153674546497e+34 6.971879168861035203e+31 -5.904684270394322532e-01 3.030320191436281646e-02 1.041453195674726171e+21 -5.607553679643609886e-08 3.000000000000000000e+00
3.521623786469224724e+05 3.681429338607068750e+14 3.518087519545388358e+35 3.148106435217665167e+34 7.287977603831115589e+31 -5.898746114630042392e-01 3.121853896136334364e-02 1.041144026009581650e+21 -5.689954460643064474e-08 3.000000000000000000e+00
3.574185335521004745e+05 3.676926567764080000e+14 3.513400192720919792e+35 3.136569173555535691e+34 7.613223672518089868e+31 -5.892721399883666944e-01 3.214700917415783121e-02 1.040830443454759043e+21 -5.772234500396335958e-08 3.000000000000000000e+00
3.626746884572784184e+05 3.672354947663170000e+14 3.508642638347405969e+35 3.124884375262900949e+34 7.947727948821231518e+31 -5.886610254235677964e-01 3.308858138142697913e-02 1.040512458716768764e+21 -5.854391601158744813e-08 3.000000000000000000e+00
3.679308433624563622e+05 3.667714377495556250e+14 3.503814815434420262e+35 3.113053061046147706e+34 8.291599845768235595e+31 -5.880412808086703524e-01 3.404322372697300703e-02 1.040190082670541275e+21 -5.936423546459991434e-08 3.000000000000000000e+00
3.731869982676343061e+05 3.663004754487665625e+14 3.498916681902792237e+35 3.101076265708881298e+34 8.644947597840504223e+31 -5.874129194177402091e-01 3.501090365904314244e-02 1.039863326359902224e+21 -6.018328100743357824e-08 3.000000000000000000e+00
3.784431531728122500e+05 3.658225973876292500e+14 3.493948194560179003e+35 3.088955038116994874e+34 9.007878243264510069e+31 -5.867759547608701887e-01 3.599158791943724706e-02 1.039532200998055838e+21 -6.100103009001340488e-08 3.000000000000000000e+00
3.836993080779901939e+05 3.653377928883105625e+14 3.488909309076024117e+35 3.076690441163229978e+34 9.380497606267104914e+31 -5.861304005862455480e-01 3.698524253239132698e-02 1.039196717968080765e+21 -6.181745996407090516e-08 3.000000000000000000e+00
3.889554629831681377e+05 3.648460510688510000e+14 3.483799979955898910e+35 3.064283551731225224e+34 9.762910279293808615e+31 -5.854762708822458528e-01 3.799183279323670170e-02 1.038856888823433527e+21 -6.263254767941717101e-08 3.000000000000000000e+00
3.942116178883460234e+05 3.643473608404836875e+14 3.478620160515202591e+35 3.051735460659046625e+34 1.015521960518990286e+32 -5.848135798795883744e-01 3.901132325683387414e-02 1.038512725288465859e+21 -6.344627008017950139e-08 3.000000000000000000e+00
3.994677727935239673e+05 3.638417109048844375e+14 3.473369802852218193e+35 3.039047272702219853e+34 1.055752765934177612e+32 -5.841423420535101219e-01 4.004367772577425988e-02 1.038164239258949517e+21 -6.425860380099428034e-08 3.000000000000000000e+00
4.047239276987019111e+05 3.633290897513516250e+14 3.468048857820481568e+35 3.026220106496230317e+34 1.096993523177737597e+32 -5.834625721259893982e-01 4.108885923834678516e-02 1.037811442802613289e+21 -6.506952526315559763e-08 3.000000000000000000e+00
4.099800826038799132e+05 3.628094856539140625e+14 3.462657275000489244e+35 3.013255094518523793e+34 1.139254180922563715e+32 -5.827742850680097675e-01 4.214683005627111595e-02 1.037454348159690867e+21 -6.587901067072588516e-08 3.000000000000000000e+00
4.152362375090578571e+05 3.622828866683638750e+14 3.457195002670682435e+35 3.000153383049979012e+34 1.182544555713233467e+32 -5.820774961018642113e-01 4.321755165218835182e-02 1.037092967743479218e+21 -6.668703600660113133e-08 3.000000000000000000e+00
4.204923924142358010e+05 3.617492806292137500e+14 3.451661987777718269e+35 2.986916132135865592e+34 1.226874330163074774e+32 -5.813722207035010303e-01 4.430098469690717938e-02 1.036727314140908356e+21 -6.749357702852958793e-08 3.000000000000000000e+00
4.257485473194137448e+05 3.612086551465762500e+14 3.446058175906005357e+35 2.973544515546283607e+34 1.272253051146706974e+32 -5.806584746049108237e-01 4.539708904640573500e-02 1.036357400113122771e+21 -6.829860926508992538e-08 3.000000000000000000e+00
4.310047022245916887e+05 3.606609976029624375e+14 3.440383511246472720e+35 2.960039720736079277e+34 1.318690127987806567e+32 -5.799362737965585435e-01 4.650582372858282770e-02 1.035983238596074275e+21 -6.910210801162297319e-08 3.000000000000000000e+00
4.362608571297696326e+05 3.601062951499980000e+14 3.434637936564563950e+35 2.946402948804238610e+34 1.366194830641897376e+32 -5.792056345298557396e-01 4.762714692975240222e-02 1.035604842701125452e+21 -6.990404832611480893e-08 3.000000000000000000e+00
4.415170120349475765e+05 3.595445347050551250e+14 3.428821393167430779e+35 2.932635414452754853e+34 1.414776287874125866e+32 -5.784665733196778792e-01 4.876101598088329603e-02 1.035222225715666092e+21 -7.070440502503557656e-08 3.000000000000000000e+00
4.467731669401255203e+05 3.589757029477962500e+14 3.422933820870306883e+35 2.918738345944969746e+34 1.464443485431822550e+32 -5.777191069469256313e-01 4.990738734357878792e-02 1.034835401103741813e+21 -7.150315267913211495e-08 3.000000000000000000e+00
4.520293218453035224e+05 3.583997863166303750e+14 3.416975157962038292e+35 2.904712985063388128e+34 1.515205264211582518e+32 -5.769632524611296720e-01 5.106621659578765987e-02 1.034444382506693689e+21 -7.230026560916885126e-08 3.000000000000000000e+00
4.572854767504814663e+05 3.578167710050746875e+14 3.410945341169738694e+35 2.890560587066958503e+34 1.567070318420813385e+32 -5.761990271831018973e-01 5.223745841724967975e-02 1.034049183743810470e+21 -7.309571788162222652e-08 3.000000000000000000e+00
4.625416316556594102e+05 3.572266429580236875e+14 3.404844305622571832e+35 2.876282420647820959e+34 1.620047193733558620e+32 -5.754264487076308221e-01 5.342106657466937081e-02 1.033649818812994421e+21 -7.388948330432706546e-08 3.000000000000000000e+00
4.677977865608373540e+05 3.566293878679200625e+14 3.398671984814604191e+35 2.861879767887525209e+34 1.674144285440303885e+32 -5.746455349062238316e-01 5.461699390661029635e-02 1.033246301891438051e+21 -7.468153542206938465e-08 3.000000000000000000e+00
4.730539414660152979e+05 3.560249911708255625e+14 3.392428310566716899e+35 2.847353924212701674e+34 1.729369836591663709e+32 -5.738563039298960611e-01 5.582519230811085892e-02 1.032838647336314077e+21 -7.547184751212954337e-08 3.000000000000000000e+00
4.783100963711932418e+05 3.554134380423887500e+14 3.386113212987559871e+35 2.832706198350205003e+34 1.785731936135816979e+32 -5.730587742120056838e-01 5.704561271501779746e-02 1.032426869685480980e+21 -7.626039257977672975e-08 3.000000000000000000e+00
4.835662512763711857e+05 3.547947133937068125e+14 3.379726620433503928e+35 2.817937912281704181e+34 1.843238517049315837e+32 -5.722529644711376040e-01 5.827820508802822319e-02 1.032010983658196828e+21 -7.704714335370727810e-08 3.000000000000000000e+00
4.888224061815491295e+05 3.541688018670781875e+14 3.373268459467563588e+35 2.803050401197737687e+34 1.901897354461145124e+32 -5.714388937140353342e-01 5.952291839643893134e-02 1.031591004155850785e+21 -7.783207228143043047e-08 3.000000000000000000e+00
4.940785610867270734e+05 3.535356878316424375e+14 3.366738654817280937e+35 2.788045013451216628e+34 1.961716063769933826e+32 -5.706165812385806113e-01 6.077970060160312743e-02 1.031166946262706553e+21 -7.861515152460409674e-08 3.000000000000000000e+00
4.993347159919050755e+05 3.528953553789046250e+14 3.360137129331504904e+35 2.772923110510375859e+34 2.022702098753885106e+32 -5.697860466368236398e-01 6.204849864008147448e-02 1.030738825246658658e+21 -7.939635295431273861e-08 3.000000000000000000e+00
5.045908708970830194e+05 3.522477883181401250e+14 3.353463803936073330e+35 2.757686066911180461e+34 2.084862749673259898e+32 -5.689473097980632943e-01 6.332925840648805094e-02 1.030306656560004334e+21 -8.017564814628892590e-08 3.000000000000000000e+00
5.098470258022609050e+05 3.515929701716765625e+14 3.346718597588326249e+35 2.742335270209167748e+34 2.148205141365362916e+32 -5.681003909119757278e-01 6.462192473602972054e-02 1.029870455840228508e+21 -8.095300837608437518e-08 3.000000000000000000e+00
5.151031807074388489e+05 3.509308841700488750e+14 3.339901427230450381e+35 2.726872120930740023e+34 2.212736231331523776e+32 -5.672453104717971595e-01 6.592644138672817955e-02 1.029430238910802166e+21 -8.172840461418035950e-08 3.000000000000000000e+00
5.203593356126167928e+05 3.502615132470237500e+14 3.333012207741587696e+35 2.711298032523888251e+34 2.278462807815876888e+32 -5.663820892775566218e-01 6.724275102132085125e-02 1.028986021781998141e+21 -8.250180752103930219e-08 3.000000000000000000e+00
5.256154905177947367e+05 3.495848400344891875e+14 3.326050851888696238e+35 2.695614431308358642e+34 2.345391487875912013e+32 -5.655107484393600004e-01 6.857079518884305613e-02 1.028537820651718574e+21 -8.327318744210388109e-08 3.000000000000000000e+00
5.308716454229727387e+05 3.489008468572050000e+14 3.319017270276107138e+35 2.679822756425244156e+34 2.413528715444239912e+32 -5.646313093807295846e-01 6.991051430587798265e-02 1.028085651906338357e+21 -8.404251440273394205e-08 3.000000000000000000e+00
5.361278003281506244e+05 3.482095157274103750e+14 3.311911371293749395e+35 2.663924459786011536e+34 2.482880759381324499e+32 -5.637437938419949113e-01 7.126184763747103745e-02 1.027629532121563922e+21 -8.480975810308116876e-08 3.000000000000000000e+00
5.413839552333286265e+05 3.475108283392825000e+14 3.304733061063988945e+35 2.647921006020953268e+34 2.553453711519173927e+32 -5.628482238837391183e-01 7.262473327771072629e-02 1.027169478063307489e+21 -8.557488791290992625e-08 3.000000000000000000e+00
5.466401101385065122e+05 3.468047660632435000e+14 3.297482243387046959e+35 2.631813872427056617e+34 2.625253484695397574e+32 -5.619446218902994783e-01 7.399910812996381149e-02 1.026705506688575341e+21 -8.633787286635369019e-08 3.000000000000000000e+00
5.518962650436845142e+05 3.460913099401088125e+14 3.290158819684950146e+35 2.615604548915303127e+34 2.698285810777318357e+32 -5.610330105733227768e-01 7.538490788675712706e-02 1.026237635146374185e+21 -8.709868165660665171e-08 3.000000000000000000e+00
5.571524199488623999e+05 3.453704406750729375e+14 3.282762688943964741e+35 2.599294537957371364e+34 2.772556238676129936e+32 -5.601134129753790880e-01 7.678206700931258788e-02 1.025765880778631021e+21 -8.785728263055887541e-08 3.000000000000000000e+00
5.624085748540404020e+05 3.446421386315276250e+14 3.275293747655466201e+35 2.582885354531757208e+34 2.848070132350509360e+32 -5.591858524736288416e-01 7.819051870671972493e-02 1.025290261121131741e+21 -8.861364378336605056e-08 3.000000000000000000e+00
5.676647297592182877e+05 3.439063838247049375e+14 3.267751889755190389e+35 2.566378526069307069e+34 2.924832668799266522e+32 -5.582503527835509516e-01 7.961019491473994569e-02 1.024810793904472457e+21 -8.936773275295105611e-08 3.000000000000000000e+00
5.729208846643962897e+05 3.431631559151421250e+14 3.260137006560813483e+35 2.549775592398145596e+34 3.002848836043039772e+32 -5.573069379627255682e-01 8.104102627424557281e-02 1.024327497055031001e+21 -9.011951681444665693e-08 3.000000000000000000e+00
5.781770395695742918e+05 3.424124342019600625e+14 3.252448986707822234e+35 2.533078105688013091e+34 3.082123431094428086e+32 -5.563556324146794463e-01 8.248294210928243386e-02 1.023840388695953637e+21 -9.086896287457133740e-08 3.000000000000000000e+00
5.834331944747521775e+05 3.416541976159501875e+14 3.244687716083581621e+35 2.516287630393996479e+34 3.162661057916022245e+32 -5.553964608927863811e-01 8.393587040474481675e-02 1.023349487148158288e+21 -9.161603746593326956e-08 3.000000000000000000e+00
5.886893493799301796e+05 3.408884247124624375e+14 3.236853077759570360e+35 2.499405743199650618e+34 3.244466125366448518e+32 -5.544294485042320364e-01 8.539973778366985457e-02 1.022854810931356107e+21 -9.236070674127464478e-08 3.000000000000000000e+00
5.939455042851080652e+05 3.401150936640889375e+14 3.228944951921723423e+35 2.482434032959513634e+34 3.327542845133734523e+32 -5.534546207140367269e-01 8.687446948413959924e-02 1.022356378765090357e+21 -9.310293646764803110e-08 3.000000000000000000e+00
5.992016591902859509e+05 3.393341822531344375e+14 3.220963215798782293e+35 2.465374100641004289e+34 3.411895229655534312e+32 -5.524720033491414828e-01 8.835998933578113890e-02 1.021854209569791672e+21 -9.384269202052184448e-08 3.000000000000000000e+00
6.044578140954639530e+05 3.385456678638673750e+14 3.212907743588627163e+35 2.448227559265702766e+34 3.497527090025351577e+32 -5.514816226025551771e-01 8.985621973584707878e-02 1.021348322467852583e+21 -9.457993837780416081e-08 3.000000000000000000e+00
6.097139690006418386e+05 3.377495274745438750e+14 3.204778406382495491e+35 2.430996033850007955e+34 3.584442033885518320e+32 -5.504835050375658234e-01 9.136308162490426599e-02 1.020838736784720396e+21 -9.531464011381389267e-08 3.000000000000000000e+00
6.149701239058198407e+05 3.369457376491955000e+14 3.196575072087019790e+35 2.413681161345162933e+34 3.672643463305688136e+32 -5.494776775920153788e-01 9.288049446210067117e-02 1.020325472050008162e+21 -9.604676139317807581e-08 3.000000000000000000e+00
6.202262788109977264e+05 3.361342745291738125e+14 3.188297605344007534e+35 2.396284590576658802e+34 3.762134572646235596e+32 -5.484641675826384954e-01 9.440837620000123998e-02 1.019808547998623203e+21 -9.677626596465153295e-08 3.000000000000000000e+00
6.254824337161758449e+05 3.353151138244424375e+14 3.179945867447885339e+35 2.378807982182998871e+34 3.852918346406320336e+32 -5.474430027094676632e-01 9.594664325899278368e-02 1.019287984571915960e+21 -9.750311715486369273e-08 3.000000000000000000e+00
6.307385886213537306e+05 3.344882308046073125e+14 3.171519716260725509e+35 2.361253008553824586e+34 3.944997557056216639e+32 -5.464142110603036340e-01 9.749521050125423138e-02 1.018763801918847713e+21 -9.822727786199505205e-08 3.000000000000000000e+00
6.359947435265317326e+05 3.336536002896753750e+14 3.163019006124758665e+35 2.343621353767397674e+34 4.038374762853257135e+32 -5.453778211152524591e-01 9.905399120427975379e-02 1.018236020397178225e+21 -9.894871054937768328e-08 3.000000000000000000e+00
6.412508984317096183e+05 3.328111966405326875e+14 3.154443587772290546e+35 2.325914713527434802e+34 4.133052305640829981e+32 -5.443338617513322486e-01 1.006228970339499568e-01 1.017704660574671208e+21 -9.966737723902028945e-08 3.000000000000000000e+00
6.465070533368876204e+05 3.319609937491310625e+14 3.145793308232931487e+35 2.308134795099295210e+34 4.229032308629964778e+32 -5.432823622471449898e-01 1.022018380171449831e-01 1.017169743230321820e+21 -1.003832395050570926e-07 3.000000000000000000e+00
6.517632082420655061e+05 3.311029650283725000e+14 3.137068010738021996e+35 2.290283317245511656e+34 4.326316674162844271e+32 -5.422233522876207523e-01 1.037907225138885586e-01 1.016631289355602493e+21 -1.010962584671193776e-07 3.000000000000000000e+00
6.570193631472435081e+05 3.302370834016796250e+14 3.128267534622180264e+35 2.272362010160660486e+34 4.424907081457686287e+32 -5.411568619688300608e-01 1.053894571890195142e-01 1.016089320155732509e+21 -1.018063947836280760e-07 3.000000000000000000e+00
6.622755180524213938e+05 3.293633212922414375e+14 3.119391715221828103e+35 2.254372615405573638e+34 4.524804984334380522e+32 -5.400829218028682099e-01 1.069979469833816504e-01 1.015543857050963280e+21 -1.025136086450082785e-07 3.000000000000000000e+00
6.675316729575993959e+05 3.284816506119214375e+14 3.110440383770621520e+35 2.236316885840893460e+34 4.626011608920294367e+32 -5.390015627228113004e-01 1.086160950845238005e-01 1.014994921677889470e+21 -1.032178597668243365e-07 3.000000000000000000e+00
6.727878278627772816e+05 3.275920427498150000e+14 3.101413367291633556e+35 2.218196585559945938e+34 4.728527951335466652e+32 -5.379128160877439946e-01 1.102438028969035810e-01 1.014442535890778980e+21 -1.039191073828328691e-07 3.000000000000000000e+00
6.780439827679551672e+05 3.266944685604425625e+14 3.092310488486184979e+35 2.200013489820944295e+34 4.832354775356564580e+32 -5.368167136878618795e-01 1.118809700115834249e-01 1.013886721762924560e+21 -1.046173102379537921e-07 3.000000000000000000e+00
6.833001376731331693e+05 3.257888983515650000e+14 3.083131565619191505e+35 2.181769384978522059e+34 4.937492610058939474e+32 -5.357132877496466605e-01 1.135274941754150224e-01 1.013327501588018889e+21 -1.053124265811590663e-07 3.000000000000000000e+00
6.885562925783110550e+05 3.248753018716065000e+14 3.073876412400888432e+35 2.163466068414592358e+34 5.043941747435759562e+32 -5.346025709411186266e-01 1.151832712596958935e-01 1.012764897881548128e+21 -1.060044141582735792e-07 3.000000000000000000e+00
6.938124474834890570e+05 3.239536482966690625e+14 3.064544837864803957e+35 2.145105348468517311e+34 5.151702239993945262e+32 -5.334845963771632782e-01 1.168481952283010744e-01 1.012198933382214582e+21 -1.066932302046952014e-07 3.000000000000000000e+00
6.990686023886669427e+05 3.230239062171221250e+14 3.055136646241811819e+35 2.126689044366601342e+34 5.260773898325849879e+32 -5.323593976249358928e-01 1.185221581052747497e-01 1.011629631053374816e+21 -1.073788314380294507e-07 3.000000000000000000e+00
7.043247572938449448e+05 3.220860436237516875e+14 3.045651636830128971e+35 2.108218986150897357e+34 5.371156288655768426e+32 -5.312270087093438065e-01 1.202050499418707147e-01 1.011057014084504519e+21 -1.080611740506341471e-07 3.000000000000000000e+00
7.095809121990228305e+05 3.211400278934509375e+14 3.036089603861095968e+35 2.089697014607337767e+34 5.482848730360229726e+32 -5.300874641186077429e-01 1.218967587830280530e-01 1.010481105892688265e+21 -1.087402137020709723e-07 3.000000000000000000e+00
7.148370671042009490e+05 3.201858257744319375e+14 3.026450336360553742e+35 2.071124981193165686e+34 5.595850293461823928e+32 -5.289407988099030788e-01 1.235971706332873038e-01 1.009901930124129468e+21 -1.094159055114737824e-07 3.000000000000000000e+00
7.200932220093788346e+05 3.192234033709420625e+14 3.016733618005653333e+35 2.052504747963678073e+34 5.710159796095304412e+32 -5.277870482150806009e-01 1.253061694221300759e-01 1.009319510655686803e+21 -1.100882040498268438e-07 3.000000000000000000e+00
7.253493769145568367e+05 3.182527261274616875e+14 3.006939226976912266e+35 2.033838187498282647e+34 5.825775801944798214e+32 -5.266262482464707517e-01 1.270236369687256228e-01 1.008733871596434227e+21 -1.107570633321470236e-07 3.000000000000000000e+00
7.306055318197347224e+05 3.172737588123654375e+14 2.997066935805323505e+35 2.015127182825880575e+34 5.942696617650996528e+32 -5.254584353027687005e-01 1.287494529460732340e-01 1.008145037289245245e+21 -1.114224368095670224e-07 3.000000000000000000e+00
7.358616867249127245e+05 3.162864655010201250e+14 2.987116511214300066e+35 1.996373627349538737e+34 6.060920290187996713e+32 -5.242836462750055659e-01 1.304834948445449394e-01 1.007553032312404181e+21 -1.120842773613307940e-07 3.000000000000000000e+00
7.411178416300906101e+05 3.152908095583000625e+14 2.977087713956261208e+35 1.977579424770484292e+34 6.180444604208402215e+32 -5.231019185526006865e-01 1.322256379348101252e-01 1.006957881481239986e+21 -1.127425372866945473e-07 3.000000000000000000e+00
7.463739965352686122e+05 3.142867536204917500e+14 2.966980298643603814e+35 1.958746489011410959e+34 6.301267079355224102e+32 -5.219132900295033739e-01 1.339757552301240329e-01 1.006359609849787974e+21 -1.133971682967244362e-07 3.000000000000000000e+00
7.516301514404464979e+05 3.132742595765657500e+14 2.956794013573880754e+35 1.939876744139117754e+34 6.423384967539267746e+32 -5.207177991104194881e-01 1.357337174479651687e-01 1.005758242712477368e+21 -1.140481215059883448e-07 3.000000000000000000e+00
7.568863063456245000e+05 3.122532885487844375e+14 2.946528600548861933e+35 1.920972124286453206e+34 6.546795250181690459e+32 -5.195154847171248313e-01 1.374993929710284779e-01 1.005153805605845074e+21 -1.146953474241552924e-07 3.000000000000000000e+00
7.621424612508023856e+05 3.112238008726197500e+14 2.936183794687274754e+35 1.902034573573577042e+34 6.671494635420074205e+32 -5.183063862948702472e-01 1.392726478075562990e-01 1.004546324310275523e+21 -1.153387959474935253e-07 3.000000000000000000e+00
7.673986161559803877e+05 3.101857560759497500e+14 2.925759324230928100e+35 1.883066046028557564e+34 6.797479555276255915e+32 -5.170905438188742043e-01 1.410533455509821454e-01 1.003935824851769623e+21 -1.159784163502583624e-07 3.000000000000000000e+00
7.726547710611582734e+05 3.091391128575044375e+14 2.915254910343942029e+35 1.864068505507323384e+34 6.924746162784405060e+32 -5.158679978009070854e-01 1.428413473388704946e-01 1.003322333503740183e+21 -1.166141572759651887e-07 3.000000000000000000e+00
7.779109259663362755e+05 3.080838290645246250e+14 2.904670266904767376e+35 1.845043925612932404e+34 7.053290329078956499e+32 -5.146387892959694010e-01 1.446365118111660741e-01 1.002705876788836041e+21 -1.172459667285636227e-07 3.000000000000000000e+00
7.831670808715141611e+05 3.070198616696002500e+14 2.894005100290680189e+35 1.825994289614182470e+34 7.183107640440534476e+32 -5.134029599090597085e-01 1.464386950677255550e-01 1.002086481480794112e+21 -1.178737920635039531e-07 3.000000000000000000e+00
7.884232357766920468e+05 3.059471667466517500e+14 2.883259109154418221e+35 1.806921590363596233e+34 7.314193395297703861e+32 -5.121605518020415637e-01 1.482477506251075605e-01 1.001464174606320271e+21 -1.184975799786833622e-07 3.000000000000000000e+00
7.936793906818700489e+05 3.048656994460167500e+14 2.872431984192625963e+35 1.787827830214782037e+34 7.446542601182953299e+32 -5.109116077006023993e-01 1.500635293726039765e-01 1.000838983447001301e+21 -1.191172765052699256e-07 3.000000000000000000e+00
7.989355455870479345e+05 3.037754139685993750e+14 2.861523407905700541e+35 1.768715020939162779e+34 7.580149971641781830e+32 -5.096561709013121000e-01 1.518858795275121187e-01 1.000210935541244756e+21 -1.197328269984123810e-07 3.000000000000000000e+00
8.041917004922259366e+05 3.026762635390393750e+14 2.850533054348673600e+35 1.749585183642100872e+34 7.715009923093142308e+32 -5.083942852787792788e-01 1.537146465896287451e-01 9.995800586862517289e+20 -1.203441761278312597e-07 3.000000000000000000e+00
8.094478553974038223e+05 3.015682003778570625e+14 2.839460588872698268e+35 1.730440348678417228e+34 7.851116571639360927e+32 -5.071259952929050296e-01 1.555496732949523953e-01 9.989463809400167465e+20 -1.209512678682893959e-07 3.000000000000000000e+00
8.147040103025819408e+05 3.004511756725238125e+14 2.828305667856713220e+35 1.711282555567334246e+34 7.988463729823422984e+32 -5.058513459962401537e-01 1.573907995685678574e-01 9.983099306233614828e+20 -1.215540454899343211e-07 3.000000000000000000e+00
8.199601652077598264e+05 2.993251395474118750e+14 2.817067938428833386e+35 1.692113852906871618e+34 8.127044903331283035e+32 -5.045703830414443036e-01 1.592378624766931372e-01 9.976707363220009779e+20 -1.221524515485055180e-07 3.000000000000000000e+00
8.252163201129378285e+05 2.981900410325675625e+14 2.805747038176991378e+35 1.672936298287714332e+34 8.266853287637059307e+32 -5.032831526888470464e-01 1.610906961778637014e-01 9.970288268886402662e+20 -1.227464278754013180e-07 3.000000000000000000e+00
8.304724750181157142e+05 2.970458280312520000e+14 2.794342594848287281e+35 1.653751958206559553e+34 8.407881764589331129e+32 -5.019897018141157297e-01 1.629491318732494975e-01 9.963842314451063931e+20 -1.233359155676103796e-07 3.000000000000000000e+00
8.357286299232937163e+05 2.958924472861891875e+14 2.782854226036515203e+35 1.634562907978946071e+34 8.550122898937070817e+32 -5.006900779160288195e-01 1.648129977560964243e-01 9.957369793845117583e+20 -1.239208549775136494e-07 3.000000000000000000e+00
8.409847848284716019e+05 2.947298443444601250e+14 2.771281538857315373e+35 1.615371231651641724e+34 8.693568934791448642e+32 -4.993843291243584281e-01 1.666821189602462061e-01 9.950871003734527181e+20 -1.245011857025344141e-07 3.000000000000000000e+00
8.462409397336496040e+05 2.935579635209766875e+14 2.759624129610331244e+35 1.596179021914582558e+34 8.838211792021752643e+32 -4.980725042078612552e-01 1.685563175077263443e-01 9.944346243542429204e+20 -1.250768465746409152e-07 3.000000000000000000e+00
8.514970946388274897e+05 2.923767478604645625e+14 2.747881583427740732e+35 1.576988380012422074e+34 8.984043062581980393e+32 -4.967546525823816617e-01 1.704354122553705109e-01 9.937795815471815066e+20 -1.256477756496874978e-07 3.000000000000000000e+00
8.567532495440054918e+05 2.911861390978814375e+14 2.736053473908476460e+35 1.557801415655707850e+34 9.131054006765991431e+32 -4.954308243190665428e-01 1.723192188404602254e-01 9.931220024528589292e+20 -1.262139101965964651e-07 3.000000000000000000e+00
8.620094044491833774e+05 2.899860776171918750e+14 2.724139362737444747e+35 1.538620246931727276e+34 9.279235549388058454e+32 -4.941010701526954985e-01 1.742075496253544797e-01 9.924619178544985539e+20 -1.267751866863729342e-07 3.000000000000000000e+00
8.672655593543613795e+05 2.887765024084145625e+14 2.712138799288937587e+35 1.519447000215054904e+34 9.428578275886778064e+32 -4.927654414901268543e-01 1.761002136411038144e-01 9.917993588203341742e+20 -1.273315407809606622e-07 3.000000000000000000e+00
8.725217142595392652e+05 2.875573510228558125e+14 2.700051320213494935e+35 1.500283810077878453e+34 9.579072428347596780e+32 -4.914239904188628105e-01 1.779970165299865625e-01 9.911343567060302561e+20 -1.278829073219096185e-07 3.000000000000000000e+00
8.777778691647172673e+05 2.863285595264349375e+14 2.687876449007328926e+35 1.481132819200128801e+34 9.730707901441562891e+32 -4.900767697157341618e-01 1.798977604869594904e-01 9.904669431571362611e+20 -1.284292203188631662e-07 3.000000000000000000e+00
8.830340240698951529e+05 2.850900624510008750e+14 2.675613695563400593e+35 1.461996178279454114e+34 9.883474238276780538e+32 -4.887238328557068079e-01 1.818022441999898042e-01 9.897971501115855340e+20 -1.289704129378562487e-07 3.000000000000000000e+00
8.882901789750731550e+05 2.838417927435374375e+14 2.663262555703228217e+35 1.442876045941131939e+34 1.003736062615840253e+33 -4.873652340208120548e-01 1.837102627892283346e-01 9.891250098022306284e+20 -1.295064174894109772e-07 3.000000000000000000e+00
8.935463338802510407e+05 2.825836817131428750e+14 2.650822510688369583e+35 1.423774588647957785e+34 1.019235589225356909e+33 -4.860010281092035922e-01 1.856216077449937274e-01 9.884505547594235904e+20 -1.300371654164253566e-07 3.000000000000000000e+00
8.988024887854289263e+05 2.813156589756669062e+14 2.638293026710522987e+35 1.404693980610182816e+34 1.034844849915794481e+33 -4.846312707443422574e-01 1.875360668645481566e-01 9.877738178136385782e+20 -1.305625872818552027e-07 3.000000000000000000e+00
9.040586436906070448e+05 2.800376523958780625e+14 2.625673554359094797e+35 1.385636403695587350e+34 1.050562654035825189e+33 -4.832560182843129160e-01 1.894534241875976688e-01 9.870948320981357691e+20 -1.310826127561625168e-07 3.000000000000000000e+00
9.093147985957849305e+05 2.787495880270282812e+14 2.612963528065014632e+35 1.366604047339772508e+34 1.066387773558702840e+33 -4.818753278312735699e-01 1.913734599304954820e-01 9.864136310516740260e+20 -1.315971706045302914e-07 3.000000000000000000e+00
9.145709535009629326e+05 2.774513900476683438e+14 2.600162365519461847e+35 1.347599108456709177e+34 1.082318942606555306e+33 -4.804892572410398022e-01 1.932959504191148203e-01 9.857302484212644577e+20 -1.321061886738400665e-07 3.000000000000000000e+00
9.198271084061408183e+05 2.761429806955664688e+14 2.587269467066181087e+35 1.328623791349710106e+34 1.098354856962857399e+33 -4.790978651328078874e-01 1.952206680203251166e-01 9.850447182649769329e+20 -1.326095938793846298e-07 3.000000000000000000e+00
9.250832633113188203e+05 2.748242801985657812e+14 2.574284215065866147e+35 1.309680307622889455e+34 1.114494173572618359e+33 -4.777012108990192352e-01 1.971473810720308917e-01 9.843570749547889295e+20 -1.331073121913092424e-07 3.000000000000000000e+00
9.303394182164967060e+05 2.734952067022058750e+14 2.561205973231040109e+35 1.290770876093193960e+34 1.130735510029844833e+33 -4.762993547153680507e-01 1.990758538117504417e-01 9.836673531794883871e+20 -1.335992686207838000e-07 3.000000000000000000e+00
9.355955731216747081e+05 2.721556761939280000e+14 2.548034085929778928e+35 1.271897722703182351e+34 1.147077444051507324e+33 -4.748923575509564343e-01 2.010058463036426268e-01 9.829755879476246610e+20 -1.340853872058666464e-07 3.000000000000000000e+00
9.408517280268525938e+05 2.708056024236651562e+14 2.534767877456486184e+35 1.253063080434656765e+34 1.163518512937462619e+33 -4.734802811786004706e-01 2.029371143639390196e-01 9.822818145905143972e+20 -1.345655909970535834e-07 3.000000000000000000e+00
9.461078829320305958e+05 2.694448968206036875e+14 2.521406651267755153e+35 1.234269189223233807e+34 1.180057213015840027e+33 -4.720631881852884182e-01 2.048694094847544056e-01 9.815860687652986552e+20 -1.350398020425148004e-07 3.000000000000000000e+00
9.513640378372084815e+05 2.680734684058969062e+14 2.507949689181343298e+35 1.215518295874086736e+34 1.196691999072958453e+33 -4.706411419827964404e-01 2.068024787561639211e-01 9.808883864580571791e+20 -1.355079413729716842e-07 3.000000000000000000e+00
9.566201927423864836e+05 2.666912237010891250e+14 2.494396250536048880e+35 1.196812653978993919e+34 1.213421283767131232e+33 -4.692142068184662063e-01 2.087360647864969776e-01 9.801888039869804708e+20 -1.359699289862031036e-07 3.000000000000000000e+00
9.618763476475643693e+05 2.652980666319866250e+14 2.480745571310099004e+35 1.178154523834790155e+34 1.230243437025802474e+33 -4.677824477861458052e-01 2.106699056208161946e-01 9.794873580055984865e+20 -1.364256838311883440e-07 3.000000000000000000e+00
9.671325025527423713e+05 2.638938984277085625e+14 2.466996863195617804e+35 1.159546172363521092e+34 1.247156785424886179e+33 -4.663459308373007484e-01 2.126037346574461140e-01 9.787840855060721172e+20 -1.368751237918232166e-07 3.000000000000000000e+00
9.723886574579202570e+05 2.624786175146200625e+14 2.453149312626470122e+35 1.140989873034469541e+34 1.264159611549541447e+33 -4.649047227922978309e-01 2.145372805624897183e-01 9.780790238225487626e+20 -1.373181656701989133e-07 3.000000000000000000e+00
9.776448123630982591e+05 2.610521194048229688e+14 2.439202079756523652e+35 1.122487905788166411e+34 1.281250153335755579e+33 -4.634588913518668529e-01 2.164702671822983926e-01 9.773722106345795092e+20 -1.377547251694495102e-07 3.000000000000000000e+00
9.829009672682761448e+05 2.596142965788751875e+14 2.425154297385340080e+35 1.104042556962771371e+34 1.298426603391368577e+33 -4.620085051087457484e-01 2.184024134537296269e-01 9.766636839706059080e+20 -1.381847168760940571e-07 3.000000000000000000e+00
9.881571221734541468e+05 2.581650383623699688e+14 2.411005069827951560e+35 1.085656119223029596e+34 1.315687108295610918e+33 -4.605536335595144526e-01 2.203334333121128585e-01 9.759534822115193651e+20 -1.386080542418527915e-07 3.000000000000000000e+00
9.934132770786320325e+05 2.567042307959735938e+14 2.396753471725048308e+35 1.067330891491952637e+34 1.333029767876451067e+33 -4.590943471166210599e-01 2.222630355968900906e-01 9.752416440942860698e+20 -1.390246495649520629e-07 3.000000000000000000e+00
9.986694319838101510e+05 2.552317564985108750e+14 2.382398546789867289e+35 1.049069178885688039e+34 1.350452634464084707e+33 -4.576307171206090429e-01 2.241909239547243970e-01 9.745282087156533166e+20 -1.394344139708206374e-07 3.000000000000000000e+00
1.003925586888988037e+06 2.537474945226424062e+14 2.367939306487622649e+35 1.030873292651866635e+34 1.367953712119438292e+33 -4.561628158525509735e-01 2.261167967399742296e-01 9.738132155359330304e+20 -1.398372573921530829e-07 3.000000000000000000e+00
1.009181741794166039e+06 2.522513202026285625e+14 2.353374728642881684e+35 1.012745550111579462e+34 1.385530955836894427e+33 -4.546907165466931855e-01 2.280403469125023563e-01 9.730967043828620984e+20 -1.402330885483576793e-07 3.000000000000000000e+00
1.014437896699343924e+06 2.507431049936688750e+14 2.338703755970246993e+35 9.946882746055928232e+33 1.403182270719194944e+33 -4.532144934033217054e-01 2.299612619325610563e-01 9.723787154555532739e+20 -1.406218149242695279e-07 3.000000000000000000e+00
1.019694051604521810e+06 2.492227163022447500e+14 2.323925294523138407e+35 9.767037954451528959e+33 1.420905511123139333e+33 -4.517342216018572221e-01 2.318792236526207862e-01 9.716592893285315379e+20 -1.410033427480925427e-07 3.000000000000000000e+00
1.024950206509699812e+06 2.476900173068276562e+14 2.309038212054862504e+35 9.587944478675745028e+33 1.438698479775189598e+33 -4.502499773141822037e-01 2.337939082061173957e-01 9.709384669558611640e+20 -1.413775769685974293e-07 3.000000000000000000e+00
1.030206361414877698e+06 2.461448667683100312e+14 2.294041336286142728e+35 9.409625729973690955e+33 1.456558926854461289e+33 -4.487618377182149287e-01 2.357049858927880437e-01 9.702162896753695130e+20 -1.417444212314241387e-07 3.000000000000000000e+00
1.035462516320055700e+06 2.445871188294356562e+14 2.278933453072527237e+35 9.232105178133804966e+33 1.474484549041381383e+33 -4.472698810117392010e-01 2.376121210604316691e-01 9.694927992129767342e+20 -1.421037778544388457e-07 3.000000000000000000e+00
1.040718671225233586e+06 2.430166228024175312e+14 2.263713304464276570e+35 9.055406351221419214e+33 1.492472988531034490e+33 -4.457741864264929688e-01 2.395149719830679536e-01 9.687680376871202324e+20 -1.424555478021845245e-07 3.000000000000000000e+00
1.045974826130411588e+06 2.414332229439269688e+14 2.248379586651319622e+35 8.879552835384082063e+33 1.510521832008091986e+33 -4.442748342425341668e-01 2.414131907350905715e-01 9.680420476132942152e+20 -1.427996306592359385e-07 3.000000000000000000e+00
1.051230981035589473e+06 2.398367582165318438e+14 2.232930947784904939e+35 8.704568274734800574e+33 1.528628609581154558e+33 -4.427719058028948829e-01 2.433064230611942935e-01 9.673148719087123169e+20 -1.431359246023896697e-07 3.000000000000000000e+00
1.056487135940767592e+06 2.382270620355567812e+14 2.217365985666575645e+35 8.530476371317105835e+33 1.546790793675007067e+33 -4.412654835285304000e-01 2.451943082419814623e-01 9.665865538970797998e+20 -1.434643263716961475e-07 3.000000000000000000e+00
1.061743290845945477e+06 2.366039620002905625e+14 2.201683245294711900e+35 8.357300885161102236e+33 1.565005797877753245e+33 -4.397556509335797670e-01 2.470764789548932916e-01 9.658571373134980055e+20 -1.437847312401898940e-07 3.000000000000000000e+00
1.066999445751123363e+06 2.349672796083522500e+14 2.185881216257826660e+35 8.185065634438305978e+33 1.583270975740190049e+33 -4.382424926409529964e-01 2.489525611301875996e-01 9.651266663094992241e+20 -1.440970329822248387e-07 3.000000000000000000e+00
1.072255600656301249e+06 2.333168299519263438e+14 2.169958329962888148e+35 8.013794495724345163e+33 1.601583619524379676e+33 -4.367260943982581023e-01 2.508221738016313540e-01 9.643951854582250865e+20 -1.444011238402972552e-07 3.000000000000000000e+00
1.077511755561479367e+06 2.316524213944709062e+14 2.153912956685979143e+35 7.843511404380710542e+33 1.619940958897792156e+33 -4.352065430940882940e-01 2.526849289514803143e-01 9.636627397597615882e+20 -1.446968944901874175e-07 3.000000000000000000e+00
1.082767910466657253e+06 2.299738552263170000e+14 2.137743402430890997e+35 7.674240355061658214e+33 1.638340159570856219e+33 -4.336839267746816495e-01 2.545404313496014703e-01 9.629293746466243215e+20 -1.449842340044228337e-07 3.000000000000000000e+00
1.088024065371835139e+06 2.282809252974631562e+14 2.121447905580206157e+35 7.506005402356961055e+33 1.656778321874500304e+33 -4.321583346609724763e-01 2.563882783863743464e-01 9.621951359893954888e+20 -1.452630298139433085e-07 3.000000000000000000e+00
1.093280220277013024e+06 2.265734176257685938e+14 2.105024633322582946e+35 7.338830661588124381e+33 1.675252479272009905e+33 -4.306298571660614471e-01 2.582280598986299580e-01 9.614600701025526743e+20 -1.455331676676377025e-07 3.000000000000000000e+00
1.098536375182191143e+06 2.248511099785067188e+14 2.088471677837668213e+35 7.172740309770115020e+33 1.693759596801301493e+33 -4.290985859131192792e-01 2.600593579882231610e-01 9.607242237504900301e+20 -1.457945315896264197e-07 3.000000000000000000e+00
1.103792530087369028e+06 2.231137714249804062e+14 2.071787052217714059e+35 7.007758586746319148e+33 1.712296569445212911e+33 -4.275646137537529312e-01 2.618817468331110510e-01 9.599876441537164083e+20 -1.460470038343326098e-07 3.000000000000000000e+00
1.109048684992546914e+06 2.213611618578109688e+14 2.054968686104200123e+35 6.843909796518860366e+33 1.730860220422745739e+33 -4.260280347868558581e-01 2.636947924900099327e-01 9.592503789952718602e+20 -1.462904648389297642e-07 3.000000000000000000e+00
1.114304839897724800e+06 2.195930314801818125e+14 2.038014421014717320e+35 6.681218308789571523e+33 1.749447299396486213e+33 -4.244889443779741867e-01 2.654980526881322023e-01 9.585124764273645978e+20 -1.465247931730149634e-07 3.000000000000000000e+00
1.119560994802902918e+06 2.178091202560478125e+14 2.020922005332916641e+35 6.519708560729522856e+33 1.768054480590625166e+33 -4.229474391792156784e-01 2.672910766133846372e-01 9.577739850782432297e+20 -1.467498654852977073e-07 3.000000000000000000e+00
1.124817149708080804e+06 2.160091573200227500e+14 2.003689088931621567e+35 6.359405058998023891e+33 1.786678360813153752e+33 -4.214036171497385630e-01 2.690734046822905734e-01 9.570349540593189519e+20 -1.469655564470389736e-07 3.000000000000000000e+00
1.130073304613258690e+06 2.141928603432979688e+14 1.986313217395909926e+35 6.200332382033064573e+33 1.805315457375400165e+33 -4.198575775768508822e-01 2.708445683048549824e-01 9.562954329725546004e+20 -1.471717386919639175e-07 3.000000000000000000e+00
1.135329459518436575e+06 2.123599348515548438e+14 1.968791825809449530e+35 6.042515182637722881e+33 1.823962205901475898e+33 -4.183094210977619798e-01 2.726040896355171328e-01 9.555554719181385236e+20 -1.473682827523460097e-07 3.000000000000000000e+00
1.140585614423614461e+06 2.105100734903888750e+14 1.951122232063284877e+35 5.885978190889360476e+33 1.842614958019493647e+33 -4.167592497220281023e-01 2.743514813112501449e-01 9.548151215024618865e+20 -1.475550569909270546e-07 3.000000000000000000e+00
1.145841769328792579e+06 2.086429552332570000e+14 1.933301629641701074e+35 5.730746217400690008e+33 1.861269978925761514e+33 -4.152071668547364092e-01 2.760862461757874753e-01 9.540744328464205087e+20 -1.477319275283115641e-07 3.000000000000000000e+00
1.151097924233970465e+06 2.067582445264033750e+14 1.915327079834697666e+35 5.576844156965591915e+33 1.879923444812129750e+33 -4.136532773204779079e-01 2.778078769888215893e-01 9.533334575940653548e+20 -1.478987581654194618e-07 3.000000000000000000e+00
1.156354079139148584e+06 2.048555903645610312e+14 1.897195503320634900e+35 5.424296992624790655e+33 1.898571440146013732e+33 -4.120976873881639357e-01 2.795158561189496349e-01 9.525922479216226468e+20 -1.480554103005618754e-07 3.000000000000000000e+00
1.161610234044326469e+06 2.029346252905137812e+14 1.878903671056121013e+35 5.273129800191415177e+33 1.917209954791261307e+33 -4.105405047967448096e-01 2.812096552189606857e-01 9.518508565469184655e+20 -1.482017428406308436e-07 3.000000000000000000e+00
1.166866388949504355e+06 2.009949643107459688e+14 1.860448194402396154e+35 5.123367753278694191e+33 1.935834880957403747e+33 -4.089818387818945911e-01 2.828887348820000591e-01 9.511093367392275005e+20 -1.483376121058859575e-07 3.000000000000000000e+00
1.172122543854682241e+06 1.990362037184912812e+14 1.841825514409141348e+35 4.975036128879231553e+33 1.954442009962827176e+33 -4.074218001037332448e-01 2.845525442768672697e-01 9.503677423295823872e+20 -1.484628717276983723e-07 3.000000000000000000e+00
1.177378698759860359e+06 1.970579198143800938e+14 1.823031890166516595e+35 4.828160313548374477e+33 1.973027028796577334e+33 -4.058605010756649034e-01 2.862005207606248547e-01 9.496261277215833457e+20 -1.485773725386005311e-07 3.000000000000000000e+00
1.182634853665038245e+06 1.950596675136537188e+14 1.804063386125011403e+35 4.682765810251092114e+33 1.991585516461593476e+33 -4.042980555944139520e-01 2.878320894664456175e-01 9.488845479027408896e+20 -1.486809624538907583e-07 3.000000000000000000e+00
1.187891008570216130e+06 1.930409788274807812e+14 1.784915858269652901e+35 4.538878245938233198e+33 2.010112940080394323e+33 -4.027345791713543011e-01 2.894466628643989070e-01 9.481430584563934167e+20 -1.487734863439585013e-07 3.000000000000000000e+00
1.193147163475394016e+06 1.910013612042658750e+14 1.765584939020134599e+35 4.396523379925579650e+33 2.028604650742196295e+33 -4.011701889652344311e-01 2.910436402926251387e-01 9.474017155742527652e+20 -1.488547858964033539e-07 3.000000000000000000e+00
1.198403318380571902e+06 1.889402957149324688e+14 1.746066020711049456e+35 4.255727113157573753e+33 2.047055879068122252e+33 -3.996050038164087881e-01 2.926224074560464516e-01 9.466605760696209900e+20 -1.489246994669120743e-07 3.000000000000000000e+00
1.203659473285750020e+06 1.868572350639620938e+14 1.726354237486381427e+35 4.116515498447548510e+33 2.065461730468472117e+33 -3.980391442827019843e-01 2.941823358894271601e-01 9.459196973913408799e+20 -1.489830619177293753e-07 3.000000000000000000e+00
1.208915628190927906e+06 1.847516014054048750e+14 1.706444445419018821e+35 3.978914751797267194e+33 2.083817180063061402e+33 -3.964727326770408067e-01 2.957227823812119683e-01 9.451791376385360527e+20 -1.490297044424194333e-07 3.000000000000000000e+00
1.214171783096105792e+06 1.826227839400915000e+14 1.686331200638899961e+35 3.842951264911540983e+33 2.102117067232138330e+33 -3.949058931070079104e-01 2.972430883541305469e-01 9.444389555762190090e+20 -1.490644543754468738e-07 3.000000000000000000e+00
1.219427938001283677e+06 1.804701362667768125e+14 1.666008735221477284e+35 3.708651619037915993e+33 2.120356089761591327e+33 -3.933387515164833981e-01 2.987425791980642953e-01 9.436992106518308454e+20 -1.490871349849303609e-07 3.000000000000000000e+00
1.224684092906462029e+06 1.782929734558508750e+14 1.645470930550940427e+35 3.576042600278627819e+33 2.138528797541552494e+33 -3.917714357295619121e-01 3.002205635500890812e-01 9.429599630128077865e+20 -1.490975652466953678e-07 3.000000000000000000e+00
1.229940247811639681e+06 1.760905688094229375e+14 1.624711287828609576e+35 3.445151216541310050e+33 2.156629585772374713e+33 -3.902040754969526293e-01 3.016763325159370623e-01 9.422212735252619592e+20 -1.490955595975102383e-07 3.000000000000000000e+00
1.235196402716817567e+06 1.738621502658825938e+14 1.603722895344989793e+35 3.316004716317639080e+33 2.174652687625961439e+33 -3.886368025450919750e-01 3.031091588263535308e-01 9.414832037938827100e+20 -1.490809276650959710e-07 3.000000000000000000e+00
1.240452557621995453e+06 1.716068964002713125e+14 1.582498392072299975e+35 3.188630609504940261e+33 2.192592166303579547e+33 -3.870697506282305134e-01 3.045182959209420948e-01 9.407458161831760364e+20 -1.490534739721744418e-07 3.000000000000000000e+00
1.245708712527173338e+06 1.693239319637406250e+14 1.561029927060886250e+35 3.063056690516442394e+33 2.210441906423259859e+33 -3.855030555837788975e-01 3.059029769510463459e-01 9.400091738401704509e+20 -1.490129976114254404e-07 3.000000000000000000e+00
1.250964867432351690e+06 1.670123228957518750e+14 1.539309114035277730e+35 2.939311063962298141e+33 2.228195604660329639e+33 -3.839368553912408388e-01 3.072624136919730464e-01 9.392733407187417170e+20 -1.489592918877509070e-07 3.000000000000000000e+00
1.256221022337529575e+06 1.646710707310353438e+14 1.517326980479619463e+35 2.817422173222073929e+33 2.245846759554554049e+33 -3.823712902350943632e-01 3.085957953535812259e-01 9.385383816057019433e+20 -1.488921439237799259e-07 3.000000000000000000e+00
1.261477177242707461e+06 1.622991063095049062e+14 1.495073910376307738e+35 2.697418832286560916e+33 2.263388660382532956e+33 -3.808065025720365759e-01 3.099022872762580705e-01 9.378043621488727163e+20 -1.488113342237510476e-07 3.000000000000000000e+00
1.266733332147885347e+06 1.598952826801864062e+14 1.472539579605461356e+35 2.579330261294254637e+33 2.280814374981727758e+33 -3.792426372030525683e-01 3.111810294977986335e-01 9.370713488873124004e+20 -1.487166361903988955e-07 3.000000000000000000e+00
1.271989487053063465e+06 1.574583670697941250e+14 1.449712882826803604e+35 2.463186126268587457e+33 2.298116736391623897e+33 -3.776798413508401508e-01 3.124311351738778830e-01 9.363394092839664353e+20 -1.486078155883390997e-07 3.000000000000000000e+00
1.277245641958241351e+06 1.549870317611575000e+14 1.426581850433763553e+35 2.349016583637112789e+33 2.315288328158348947e+33 -3.761182647431871584e-01 3.136516888323531704e-01 9.356086117609928131e+20 -1.484846299465611979e-07 3.000000000000000000e+00
1.282501796863419237e+06 1.524798436956357812e+14 1.403133553886523885e+35 2.236852330217975677e+33 2.332321468122361026e+33 -3.745580597029883330e-01 3.148417444380901542e-01 9.348790257380777001e+20 -1.483468278912649343e-07 3.000000000000000000e+00
1.287757951768597122e+06 1.499352525750949375e+14 1.379353997379332052e+35 2.126724659480949703e+33 2.349208190477850525e+33 -3.729993812456871560e-01 3.160003232409180352e-01 9.341507216741053235e+20 -1.481941483987156576e-07 3.000000000000000000e+00
1.293014106673775241e+06 1.473515771906789062e+14 1.355227993356772394e+35 2.018665525028203814e+33 2.365940225857481292e+33 -3.714423871850418002e-01 3.171264113747503388e-01 9.334237711125493842e+20 -1.480263199560848631e-07 3.000000000000000000e+00
1.298270261578953126e+06 1.447269896455079062e+14 1.330739018846034654e+35 1.912707612434521666e+33 2.382508979147008619e+33 -3.698872382482618071e-01 3.182189571693098129e-01 9.326982467311186739e+20 -1.478430596156481213e-07 3.000000000000000000e+00
1.303526416484131012e+06 1.420594970615794062e+14 1.305869048871624827e+35 1.808884420788853892e+33 2.398905504683474168e+33 -3.683340982017193066e-01 3.192768681292610933e-01 9.319742223961341297e+20 -1.476440719252447812e-07 3.000000000000000000e+00
1.308782571389308898e+06 1.393469202640413750e+14 1.280598362333930297e+35 1.707230355565030200e+33 2.415120478419044386e+33 -3.667831339886442055e-01 3.202990075259518066e-01 9.312517732223221760e+20 -1.474290477141507374e-07 3.000000000000000000e+00
1.314038726294487016e+06 1.365868688106247812e+14 1.254905314590112355e+35 1.607780834779030286e+33 2.431144166550396241e+33 -3.652345158804505831e-01 3.212841905360608874e-01 9.305309756387326689e+20 -1.471976627093549518e-07 3.000000000000000000e+00
1.319294881199664902e+06 1.337767115719717969e+14 1.228766069498650686e+35 1.510572410821524250e+33 2.446966390006408295e+33 -3.636884176436314120e-01 3.222311798471202415e-01 9.298119074616836096e+20 -1.469495759516711053e-07 3.000000000000000000e+00
1.324551036104842788e+06 1.309135418561776406e+14 1.202154281752377421e+35 1.415642910883123295e+33 2.462576484056164813e+33 -3.621450167245144347e-01 3.231386806324195726e-01 9.290946479757264159e+20 -1.466844279743952090e-07 3.000000000000000000e+00
1.329807191010020673e+06 1.279941357908294531e+14 1.175040717771972257e+35 1.323031599586766904e+33 2.477963252127579536e+33 -3.606044944546130115e-01 3.240053347747260393e-01 9.283792780239056404e+20 -1.464018386982329333e-07 3.000000000000000000e+00
1.335063345915198792e+06 1.250149023011032031e+14 1.147392800015497763e+35 1.232779368313759844e+33 2.493114912713088273e+33 -3.590670362798409898e-01 3.248297141895655216e-01 9.276658801087599084e+20 -1.461014049851157840e-07 3.000000000000000000e+00
1.340319500820376677e+06 1.219718225166806406e+14 1.119174054948026090e+35 1.144928956864203398e+33 2.508019037956901005e+33 -3.575328320175453212e-01 3.256103130608115626e-01 9.269545385058473083e+20 -1.457826977787107819e-07 3.000000000000000000e+00
1.345575655725554563e+06 1.188603757479052969e+14 1.090343438602731951e+35 1.059525214604100232e+33 2.522662482150689401e+33 -3.560020761461619165e-01 3.263455387517112394e-01 9.262453393919841403e+20 -1.454452587400684877e-07 3.000000000000000000e+00
1.350831810630732449e+06 1.156754482106814531e+14 1.060854504902914762e+35 9.766154102558725613e+32 2.537031297879103947e+33 -3.544749681333906888e-01 3.270337010888429985e-01 9.255383709908221297e+20 -1.450885962612115937e-07 3.000000000000000000e+00
1.356087965535910334e+06 1.124112193266477500e+14 1.030654369577064206e+35 8.962496022087155881e+32 2.551110636900580959e+33 -3.529517128101968271e-01 3.276729996275433709e-01 9.248337237390896660e+20 -1.447121807045825694e-07 3.000000000000000000e+00
1.361344120441088453e+06 1.090610184869359375e+14 9.996824048240923095e+34 8.184810849286949723e+32 2.564884631959504667e+33 -3.514325207997711087e-01 3.282615083865514372e-01 9.241314904776066990e+20 -1.443154386688506526e-07 3.000000000000000000e+00
1.366600275346266339e+06 1.056171423412134531e+14 9.678685741082093273e+34 7.433669322061214436e+32 2.578336254492432493e+33 -3.499176090130172168e-01 3.287971573716824691e-01 9.234317666723050291e+20 -1.438977460154707268e-07 3.000000000000000000e+00
1.371856430251444224e+06 1.020706184662979062e+14 9.351312780910167906e+34 6.709686652657480741e+32 2.591447141455688520e+33 -3.484072012253815465e-01 3.292777099715571976e-01 9.227346506719317197e+20 -1.434584192969870603e-07 3.000000000000000000e+00
1.377112585156622110e+06 9.841089486322121875e+13 9.013745242875998147e+34 6.013530842803683256e+32 2.604197382008584695e+33 -3.469015287542775439e-01 3.297007349674844767e-01 9.220402440111523103e+20 -1.429967050932764942e-07 3.000000000000000000e+00
1.382368740061800228e+06 9.462542472852412500e+13 8.664841417951858772e+34 5.345933173227851661e+32 2.616565251128651787e+33 -3.454008312625333477e-01 3.300635713982720265e-01 9.213486517705501573e+20 -1.425117665632735721e-07 3.000000000000000000e+00
1.387624894966978114e+06 9.069909986866039062e+13 8.303226157980790213e+34 4.707701642010676161e+32 2.628526871732560317e+33 -3.439053577220212987e-01 3.303632837649025378e-01 9.206599830089613967e+20 -1.420026662195269687e-07 3.000000000000000000e+00
1.392881049872156000e+06 8.661345942587901562e+13 7.927218729924232394e+34 4.099738490097546445e+32 2.640055778360243143e+33 -3.424153675843433775e-01 3.305966038876113622e-01 9.199743512893798482e+20 -1.414683434662128172e-07 3.000000000000000000e+00
1.398137204777333885e+06 8.234555452778851562e+13 7.534729289315195654e+34 3.523063536418044405e+32 2.651122341868586224e+33 -3.409311322244021336e-01 3.307598538499074703e-01 9.192918753282302935e+20 -1.409075846918960108e-07 3.000000000000000000e+00
1.403393359682512004e+06 7.786626644119482812e+13 7.123105508051987828e+34 2.978846019089350581e+32 2.661692991983882850e+33 -3.394529367518896446e-01 3.308488413391431626e-01 9.186126798110705582e+20 -1.403189824585143546e-07 3.000000000000000000e+00
1.408649514587689890e+06 7.313771807692290625e+13 6.688896501039362509e+34 2.468449337668609863e+32 2.671729135331987726e+33 -3.379810823324503333e-01 3.308587132557924138e-01 9.179368964389907988e+20 -1.397008781482012211e-07 3.000000000000000000e+00
1.413905669492867775e+06 6.523446262708635156e+13 5.963742082555022566e+34 1.998470321765764072e+32 2.681085866768593366e+33 -3.365159002586609049e-01 3.307691607818901702e-01 9.172646703597041746e+20 -1.390451103699721733e-07 1.356919999999999904e+00
1.419161824398045661e+06 5.527918565856600000e+13 5.050906505518498902e+34 1.596298800331121006e+32 2.689193889575605317e+33 -3.350579740158061148e-01 3.304983977085086400e-01 9.165962618945807319e+20 -1.383177997326880459e-07 1.356919999999999904e+00
1.424417979303224012e+06 4.641065287962381250e+13 4.238309136115786274e+34 1.259111848480006115e+32 2.696081352394234826e+33 -3.336080589197209512e-01 3.300526588908369030e-01 9.159320093225636332e+20 -1.375226086856413946e-07 1.356919999999999904e+00
1.429674134208401898e+06 3.856359214888357031e+13 3.519825465208199776e+34 9.792946883332312523e+31 2.701874944291517924e+33 -3.321668178002666338e-01 3.294524038996337056e-01 9.152722076472111268e+20 -1.366690870819266834e-07 1.356919999999999904e+00
1.434930289113579784e+06 3.167206705672052344e+13 2.889284299240600637e+34 7.497134170406557466e+31 2.706695193845916527e+33 -3.307348164516401012e-01 3.287169398352257632e-01 9.146171066837069988e+20 -1.357661440411620086e-07 1.356919999999999904e+00
1.440186444018757669e+06 2.566999469032120703e+13 2.340515227585933096e+34 5.637356229013394954e+31 2.710656186244857156e+33 -3.293125304269483578e-01 3.278643779238522571e-01 9.139669143365877760e+20 -1.348220381716274503e-07 1.356919999999999904e+00
1.445442598923935788e+06 2.049157798715269141e+13 1.867388077839177266e+34 4.152411139532079293e+31 2.713865343071369389e+33 -3.279003518924707428e-01 3.269116054946818450e-01 9.133217998887552287e+20 -1.338443757613488424e-07 1.356919999999999904e+00
1.450698753829113673e+06 1.607165752541466602e+13 1.463844844220128843e+34 2.986244031455991956e+31 2.716423255697944880e+33 -3.264985964650097272e-01 3.258742710455032610e-01 9.126818972666847560e+20 -1.328401155850009333e-07 1.356919999999999904e+00
1.455954908734291559e+06 1.234598783470605273e+13 1.123924592399992791e+34 2.087904837231673764e+31 2.718423563405019683e+33 -3.251075099695497905e-01 3.247667801876859550e-01 9.120473082533486264e+20 -1.318155790537138817e-07 1.356919999999999904e+00
1.461211063639469445e+06 9.251443133023072266e+12 8.417818244524520209e+33 1.411453008683351869e+31 2.719952867575676718e+33 -3.237272750673456101e-01 3.236023003696213984e-01 9.114181056265187492e+20 -1.307764645288265396e-07 1.356919999999999904e+00
1.466467218544647330e+06 6.726156765622050781e+12 6.116987267471847316e+33 9.158219088032100376e+30 2.721090673526355159e+33 -3.223580177164238614e-01 3.223927723971939940e-01 9.107943362056502641e+20 -1.297278647197741267e-07 1.356919999999999904e+00
1.471723373449825449e+06 4.709597422144312500e+12 4.280916112766316125e+33 5.646542599220757525e+30 2.721909351639799326e+33 -3.209998134373312495e-01 3.211489268839605726e-01 9.101760237956464640e+20 -1.286742861824928347e-07 1.356919999999999904e+00
1.476979528355003335e+06 3.142583177151912109e+12 2.855116734985946805e+33 3.261187962227752598e+30 2.722474109364594248e+33 -3.196526933668381587e-01 3.198803038540072863e-01 9.095631720203791892e+20 -1.276196700193835231e-07 1.356919999999999904e+00
1.482235683260181220e+06 1.530308388437931641e+12 1.389155170194545199e+33 1.827467014694730194e+30 2.722818702985403696e+33 -3.183166532321644593e-01 3.185919305553150394e-01 9.089557684703610798e+20 -1.265660743192261776e-07 6.222299999999999498e-01
1.487491838165359106e+06 7.547908595850939941e+11 6.844399312497037716e+32 1.177211783599938439e+30 2.722977368488999314e+33 -3.169916796901806610e-01 3.172888061546089156e-01 9.083537967195113390e+20 -1.255155087518183566e-07 6.222299999999999498e-01
1.492747993070537224e+06 4.342655450748229370e+11 3.933730884332563445e+32 8.345936216051747163e+29 2.723062248800981653e+33 -3.156777047726421759e-01 3.159864673565143667e-01 9.077572156615384105e+20 -1.244741218341376339e-07 6.222299999999999498e-01
1.498004147975715110e+06 3.205150673420933228e+11 2.901415959268464997e+32 6.187645599238394760e+29 2.723116549735443821e+33 -3.143746186912616536e-01 3.146907907827822259e-01 9.071659653879387914e+20 -1.234441273126854824e-07 1.287330000000000085e+00
1.503260302880892996e+06 2.510807579184890747e+11 2.271729080206168835e+32 4.518802596970705507e+29 2.723159191654186718e+33 -3.130822960179551750e-01 3.134042580679233247e-01 9.065799791563883151e+20 -1.224263604920935807e-07 1.287330000000000085e+00
1.508516457786070881e+06 1.935640595421930847e+11 1.750456078532351292e+32 3.232731348889232258e+29 2.723192562382335424e+33 -3.118006084297990088e-01 3.121270793720479220e-01 9.059991891206288179e+20 -1.214207506863355561e-07 1.287330000000000085e+00
1.513772612691249000e+06 1.464958023863931885e+11 1.324149050080559274e+32 2.258412534994137210e+29 2.723218234119323894e+33 -3.105294287198721581e-01 3.108593513788945328e-01 9.054235281889228227e+20 -1.204271838579390779e-07 1.287330000000000085e+00
1.519028767596426886e+06 1.085170089476741943e+11 9.803846158089655555e+31 1.534719274825614245e+29 2.723237595482613272e+33 -3.092686309262521749e-01 3.096011441944452880e-01 9.048529300667166884e+20 -1.194455373559738126e-07 1.287330000000000085e+00
1.524284922501604771e+06 7.837417186366667175e+10 7.077182267391739137e+31 1.009478859840969391e+29 2.723251862725252658e+33 -3.080180904171110901e-01 3.083525034619239436e-01 9.042873292898837463e+20 -1.184756809424551119e-07 1.287330000000000085e+00
1.529541077406782657e+06 5.491486833490270996e+10 4.956417095306272837e+31 6.385966039636877578e+28 2.723262090735256966e+33 -3.067776839653517107e-01 3.071134523892480317e-01 9.037266612531707249e+20 -1.175174777567837069e-07 1.287330000000000085e+00
1.534797232311960775e+06 3.708372726707505035e+10 3.345441819589503636e+31 3.852373476651112184e+28 2.723269183848571220e+33 -3.055472898134101167e-01 3.058839936957943872e-01 9.031708622341853676e+20 -1.165707852227979147e-07 1.287330000000000085e+00
1.540053387217138661e+06 2.391877481135105515e+10 2.156765537409163763e+31 2.190602265378196251e+28 2.723273906512704411e+33 -3.043267877288056700e-01 3.046641114858104626e-01 9.026198694131997082e+20 -1.156354559030400617e-07 1.287330000000000085e+00
1.545309542122316547e+06 1.454819877595048523e+10 1.311199611419043573e+31 1.155023304451336515e+28 2.723276893845491317e+33 -3.031160590509666686e-01 3.034537730565272096e-01 9.020736208890259046e+20 -1.147113383049544091e-07 1.287330000000000085e+00
1.550565697027494432e+06 8.187596211412796974e+09 7.375869763613911304e+30 5.510680030517116553e+27 2.723278662144127659e+33 -3.019149867298124845e-01 3.022529306501347546e-01 9.015320556911962358e+20 -1.137982776439949774e-07 1.287330000000000085e+00
1.555821851932672551e+06 4.137808949281773567e+09 3.725856577436786716e+30 2.289067657090428138e+27 2.723279619415741836e+33 -3.007234553565159563e-01 3.010615231605550668e-01 9.009951137886624809e+20 -1.128961165691136861e-07 1.287330000000000085e+00
1.561078006837850437e+06 1.783525620858166218e+09 1.605223629346215778e+30 7.747311075930641405e+26 2.723280076026434531e+33 -2.995413511868110779e-01 2.998794778088559876e-01 9.004627360951854694e+20 -1.120046958570106593e-07 1.287330000000000085e+00
1.566334161743028322e+06 5.929764468195035458e+08 5.334524646605903056e+29 1.877136427452686031e+26 2.723280255609674923e+33 -2.983685621571294244e-01 2.987067118062760596e-01 8.999348644715572756e+20 -1.111238550832269293e-07 1.287330000000000085e+00
1.571590316648206208e+06 1.193866993081952929e+08 1.073539176932842818e+29 2.384565425990017945e+25 2.723280306457856908e+33 -2.972049778937589370e-01 2.975431340337210129e-01 8.994114417247586877e+20 -1.102534332815714703e-07 1.287330000000000085e+00
1.576846471553384094e+06 6.051921446976733394e+06 5.439687086153242190e+27 3.391781580088266289e+23 2.723280313851635904e+33 -2.960504897150476045e-01 2.963886467947908776e-01 8.988924116040606024e+20 -1.093932696134618405e-07 1.584249999999999936e+00
