0.000000000000000000e+00 6.204970366063563116e-04 6.622053068505753511e-04 6.390031152085634677e-05 0.000000000000000000e+00 -6.100616430616498942e-01 0.000000000000000000e+00 1.170199977654484025e+00 0.000000000000000000e+00 3.000000000000000000e+00
3.558576028948976649e-02 6.204917138044491751e-04 6.621990781149558357e-04 6.389866706925264976e-05 1.249999999999999943e-07 -6.100571135508954246e-01 7.025306643131311235e-06 1.170197327426424794e+00 -1.272845197095221587e-04 3.000000000000000000e+00
7.117152057897953299e-02 6.204757453852730335e-04 6.621803919769918322e-04 6.389373387956293396e-05 9.999781309862472899e-07 -6.100435251050975172e-01 2.810090814596129258e-05 1.170189376871955345e+00 -2.545656749958223109e-04 3.000000000000000000e+00
1.067572808684693064e-01 6.204491310453121022e-04 6.621492483354266640e-04 6.388551236585181530e-05 3.374829280616104853e-06 -6.100208780053184565e-01 6.322633816320320343e-05 1.170176126249188542e+00 -3.818423913470860519e-04 3.000000000000000000e+00
1.423430411579590660e-01 6.204118702642546146e-04 6.621056470045899502e-04 6.387400321376735174e-05 7.999278321525210651e-06 -6.099891726668662528e-01 1.124006881835025424e-04 1.170157575981158660e+00 -5.091119880669327680e-04 3.000000000000000000e+00
1.779288014474488255e-01 6.203639623274997744e-04 6.620495877407398151e-04 6.385920738750307138e-05 1.562279615906976660e-05 -6.099484096831517821e-01 1.756226977411850132e-04 1.170133726667095475e+00 -6.363720378163308621e-04 3.000000000000000000e+00
2.135145617369386128e-01 6.203054063182530551e-04 6.619810702328177881e-04 6.384112612736721822e-05 2.699451507010580149e-05 -6.098985898191686683e-01 2.528907473653674277e-04 1.170104579078576901e+00 -7.636201387935068630e-04 3.000000000000000000e+00
2.491003220264283724e-01 6.202362011162350234e-04 6.619000941009464244e-04 6.381976094939895822e-05 4.286314403707883338e-05 -6.098397140106603942e-01 3.442028570644419276e-04 1.170070134159006070e+00 -8.908538932591326129e-04 3.000000000000000000e+00
2.846860823159181320e-01 6.201563453971826057e-04 6.618066588958539196e-04 6.379511364523250162e-05 6.397688407624049051e-05 -6.097717833640190488e-01 4.495566853927778959e-04 1.170030393023505644e+00 -1.018070903150017923e-03 3.000000000000000000e+00
3.202718426054079193e-01 6.200658376324944465e-04 6.617007640984705688e-04 6.376718628200940455e-05 9.108334355879574664e-05 -6.096947991563685942e-01 5.689495285461605234e-04 1.169985356958910705e+00 -1.145268768630140505e-03 3.000000000000000000e+00
3.558576028948976511e-01 6.199646760888911185e-04 6.615824091195432249e-04 6.373598120229874463e-05 1.249294535238004060e-04 -6.096087628357180765e-01 7.023783193781037463e-04 1.169935027423796514e+00 -1.272445087367929818e-03 3.000000000000000000e+00
3.914433631843874384e-01 6.198528588280552767e-04 6.614515932992291562e-04 6.370150102401451835e-05 1.662613829815939338e-04 -6.095136760211585791e-01 8.498396263041980850e-04 1.169879406048522030e+00 -1.399597454038742188e-03 3.000000000000000000e+00
4.270291234738772257e-01 6.197303837062380924e-04 6.613083159066511984e-04 6.366374864032643829e-05 2.158244542065123933e-04 -6.094095405030899304e-01 1.011329652086499428e-03 1.169818494635282757e+00 -1.526723459908833251e-03 3.000000000000000000e+00
4.626148837633669575e-01 6.195972483738301263e-04 6.611525761394134414e-04 6.362272721956289707e-05 2.743630580176256045e-04 -6.092963582434787195e-01 1.186844232492043029e-03 1.169752295158172917e+00 -1.653820692452318648e-03 3.000000000000000000e+00
4.982006440528567448e-01 6.194534502748912184e-04 6.609843731230710543e-04 6.357844020510546089e-05 3.426205690465379951e-04 -6.091741313761400711e-01 1.376378834824876262e-03 1.169680809763254281e+00 -1.780886734983775418e-03 3.000000000000000000e+00
5.337864043423464766e-01 6.192989866466410212e-04 6.608037059105555501e-04 6.353089131527444558e-05 4.213392609904251392e-04 -6.090428622070471754e-01 1.579928556328859040e-03 1.169604040768631226e+00 -1.907919166295540163e-03 3.000000000000000000e+00
5.693721646318362639e-01 6.191338545189083338e-04 6.606105734815538632e-04 6.348008454320566989e-05 5.112602218495477732e-04 -6.089025532146656872e-01 1.797488122461460324e-03 1.169521990664533773e+00 -2.034915560299056271e-03 3.000000000000000000e+00
6.049579249213260512e-01 6.189580507135378261e-04 6.604049747418397212e-04 6.342602415671820992e-05 6.131232691476028911e-04 -6.087532070503143267e-01 2.029051885037858570e-03 1.169434662113405077e+00 -2.161873485666683439e-03 3.000000000000000000e+00
6.405436852108158385e-01 6.187715718437564313e-04 6.601869085225590484e-04 6.336871469817310053e-05 7.276668651338353069e-04 -6.085948265385501266e-01 2.274613820244631313e-03 1.169342057949996239e+00 -2.288790505473985333e-03 3.000000000000000000e+00
6.761294455003055148e-01 6.185744143134974541e-04 6.599563735794691799e-04 6.330816098432353917e-05 8.556280319665426817e-04 -6.084274146775781045e-01 2.534167526525069568e-03 1.169244181181469999e+00 -2.415664176843807919e-03 3.000000000000000000e+00
7.117152057897953021e-01 6.183665743166769741e-04 6.597133685921227836e-04 6.324436810615405812e-05 9.977422668716816843e-04 -6.082509746396915773e-01 2.807706222321551450e-03 1.169141034987503547e+00 -2.542492050580415653e-03 3.000000000000000000e+00
7.473009660792850894e-01 6.181480478364357722e-04 6.594578921630147011e-04 6.317734142871366573e-05 1.154743457284447246e-03 -6.080655097717311275e-01 3.095222743701658754e-03 1.169032622720407311e+00 -2.669271670815835575e-03 3.000000000000000000e+00
7.828867263687748768e-01 6.179188306443315990e-04 6.591899428166728440e-04 6.310708659093759005e-05 1.327363795963434727e-03 -6.078710235955728791e-01 3.396709541841176020e-03 1.168918947905243533e+00 -2.796000574645786125e-03 3.000000000000000000e+00
8.184724866582646641e-01 6.176789182994893782e-04 6.589095189987010607e-04 6.303360950546076894e-05 1.516333696080192318e-03 -6.076675198086434193e-01 3.712158680373914450e-03 1.168800014239952834e+00 -2.922676291766378772e-03 3.000000000000000000e+00
8.540582469477544514e-01 6.174283061477074978e-04 6.586166190747738637e-04 6.295691635842226000e-05 1.722381706282273810e-03 -6.074550022844584785e-01 4.041561832609483901e-03 1.168675825595488549e+00 -3.049296344109826088e-03 3.000000000000000000e+00
8.896440072372441277e-01 6.171669893205188918e-04 6.583112413295806337e-04 6.287701360926043479e-05 1.946234425727845800e-03 -6.072334750731886999e-01 4.384910278614101951e-03 1.168546386015957061e+00 -3.175858245478238584e-03 3.000000000000000000e+00
9.252297675267339150e-01 6.168949627342083190e-04 6.579933839657199504e-04 6.279390799049929613e-05 2.188616419090240375e-03 -6.070029424022518327e-01 4.742194902155289632e-03 1.168411699718763019e+00 -3.302359501175465648e-03 3.000000000000000000e+00
9.608155278162237023e-01 6.166122210887829127e-04 6.576630451025433990e-04 6.270760650752560676e-05 2.450250131532405798e-03 -6.067634086769295720e-01 5.113406187512835148e-03 1.168271771094764544e+00 -3.428797607638692756e-03 3.000000000000000000e+00
9.964012881057134896e-01 6.163187588668971950e-04 6.573202227749466850e-04 6.261811643835695146e-05 2.731855803645634462e-03 -6.065148784810134863e-01 5.498534216145116796e-03 1.168126604708432437e+00 -3.555170052064875706e-03 3.000000000000000000e+00
1.031987048395203166e+00 6.160145703327322281e-04 6.569649149321116341e-04 6.252544533340084081e-05 3.034151386356200193e-03 -6.062573565774742601e-01 5.897568663223043059e-03 1.167976205298016046e+00 -3.681474312038432971e-03 3.000000000000000000e+00
1.067572808684692953e+00 6.156996495308273863e-04 6.565971194361938743e-04 6.242960101520469421e-05 3.357852455794751913e-03 -6.059908479091602462e-01 6.310498794021867676e-03 1.167820577775719126e+00 -3.807707855155639896e-03 3.000000000000000000e+00
1.103158568974182741e+00 6.153739902848644238e-04 6.562168340609589095e-04 6.233059157819685104e-05 3.703672128126472840e-03 -6.057153575995217754e-01 6.737313460170247376e-03 1.167659727227878363e+00 -3.933868138645942904e-03 3.000000000000000000e+00
1.138744329263672528e+00 6.150375861964041619e-04 6.558240564903644165e-04 6.222842538841839334e-05 4.072320974343321236e-03 -6.054308909533614447e-01 7.178001095761265930e-03 1.167493658915151666e+00 -4.059952608992916344e-03 3.000000000000000000e+00
1.174330089553162315e+00 6.146904306435737372e-04 6.554187843170884405e-04 6.212311108324606430e-05 4.464506935013319404e-03 -6.051374534576137165e-01 7.632549713318254048e-03 1.167322378272712902e+00 -4.185958701551684841e-03 3.000000000000000000e+00
1.209915849842652102e+00 6.143325167797053857e-04 6.550010150410035979e-04 6.201465757110613379e-05 4.880935234985775070e-03 -6.048350507821500521e-01 8.100946899615492705e-03 1.167145890910452621e+00 -4.311883840163711901e-03 3.000000000000000000e+00
1.245501610132141890e+00 6.139638375319251369e-04 6.545707460675964174e-04 6.190307403117918368e-05 5.322308298052735691e-03 -6.045236887806124670e-01 8.583179811357755096e-03 1.166964202613187451e+00 -4.437725436770448804e-03 3.000000000000000000e+00
1.281087370421631677e+00 6.135843855996905502e-04 6.541279747063290023e-04 6.178836991309585359e-05 5.789325661561033065e-03 -6.042033734912735099e-01 9.079235170708643138e-03 1.166777319340875252e+00 -4.563480891022974120e-03 3.000000000000000000e+00
1.316673130711121464e+00 6.131941534532780362e-04 6.536726981689471331e-04 6.167055493662369618e-05 6.282683890974142399e-03 -6.038741111379264392e-01 9.589099260672083111e-03 1.166585247228838718e+00 -4.689147589888817760e-03 3.000000000000000000e+00
1.352258891000611030e+00 6.127931333322170519e-04 6.532049135677278715e-04 6.154963909134478965e-05 6.803076494391731462e-03 -6.035359081308000473e-01 1.011275792033804188e-02 1.166387992587995637e+00 -4.814722907261520697e-03 3.000000000000000000e+00
1.387844651290100817e+00 6.123813172436727960e-04 6.527246179136714363e-04 6.142563263632450045e-05 7.351193836999144263e-03 -6.031887710675041259e-01 1.065019653995328587e-02 1.166185561905096701e+00 -4.940204203557361194e-03 3.000000000000000000e+00
1.423430411579590604e+00 6.119586969607748034e-04 6.522318081146335567e-04 6.129854609977112504e-05 7.927723055469215394e-03 -6.028327067340042422e-01 1.120140005585352865e-02 1.165977961842971089e+00 -5.065588825314913841e-03 3.000000000000000000e+00
1.459016171869080392e+00 6.115252640208911116e-04 6.517264809733973275e-04 6.116839027868664137e-05 8.533347972311344440e-03 -6.024677221056216059e-01 1.176635294525101537e-02 1.165765199240778704e+00 -5.190874104794212206e-03 3.000000000000000000e+00
1.494601932158570179e+00 6.110810097238480012e-04 6.512086331856862999e-04 6.103517623850840705e-05 9.168749010153777468e-03 -6.020938243480651320e-01 1.234503922085769187e-02 1.165547281114271527e+00 -5.316057359569244072e-03 3.000000000000000000e+00
1.530187692448059966e+00 6.106259251300933570e-04 6.506782613381151227e-04 6.089891531274185208e-05 9.834603105960461680e-03 -6.017110208184912601e-01 1.293744242534946784e-02 1.165324214656061397e+00 -5.441135892116383092e-03 3.000000000000000000e+00
1.565773452737549754e+00 6.101600010588025674e-04 6.501353619060775161e-04 6.075961910258391506e-05 1.053158362519253204e-02 -6.013193190665919730e-01 1.354354562568678769e-02 1.165096007235896902e+00 -5.566106989404275007e-03 3.000000000000000000e+00
1.601359213027039541e+00 6.096832280859267430e-04 6.495799312515706039e-04 6.061729947653784648e-05 1.126036027589042733e-02 -6.009187268357143452e-01 1.416333140726048871e-02 1.164862666400945601e+00 -5.690967922475068455e-03 3.000000000000000000e+00
1.636944973316529328e+00 6.091955965421834733e-04 6.490119656209579870e-04 6.047196857001886411e-05 1.202159902269238703e-02 -6.005092520640087361e-01 1.479678186788697773e-02 1.164624199876088451e+00 -5.815715946025508745e-03 3.000000000000000000e+00
1.672530733606019115e+00 6.086970965109858925e-04 6.484314611426635370e-04 6.032363878495076873e-05 1.281596200077848337e-02 -6.000909028856069583e-01 1.544387861163860724e-02 1.164380615564218457e+00 -5.940348297983888241e-03 3.000000000000000000e+00
1.708116493895508903e+00 6.081877178263121134e-04 6.478384138248013306e-04 6.017232278935353402e-05 1.364410742973713037e-02 -5.996636876318315323e-01 1.610460274250904641e-02 1.164131921546548654e+00 -6.064862199082867236e-03 3.000000000000000000e+00
1.743702254184998468e+00 6.076674500705118867e-04 6.472328195527379292e-04 6.001803351692199234e-05 1.450668952735505862e-02 -5.992276148324335860e-01 1.677893485791479705e-02 1.163878126082930287e+00 -6.189254852429504523e-03 3.000000000000000000e+00
1.779288014474488255e+00 6.071362825720507013e-04 6.466146740865846192e-04 5.986078416659545390e-05 1.540435842332401294e-02 -5.987826932168640592e-01 1.746685504202841535e-02 1.163619237612175672e+00 -6.313523443070968508e-03 3.000000000000000000e+00
1.814873774763978043e+00 6.065942044031895916e-04 6.459839730586219983e-04 5.970058820211831353e-05 1.633776007286331239e-02 -5.983289317155739973e-01 1.816834285894235873e-02 1.163355264752393703e+00 -6.437665137556657438e-03 3.000000000000000000e+00
1.850459535053467830e+00 6.060412043775995680e-04 6.453407119706520284e-04 5.953745935159168560e-05 1.730753617025520760e-02 -5.978663394613461524e-01 1.888337734566306395e-02 1.163086216301330689e+00 -6.561677083496598659e-03 3.000000000000000000e+00
1.886045295342957617e+00 6.054772710479082833e-04 6.446848861912782063e-04 5.937141160701602660e-05 1.831432406228752918e-02 -5.973949257906603361e-01 1.961193700492904618e-02 1.162812101236721629e+00 -6.685556409115319364e-03 3.000000000000000000e+00
1.921631055632447405e+00 6.049023927031807815e-04 6.440164909531125503e-04 5.920245922382473845e-05 1.935875666160457795e-02 -5.969147002450869710e-01 2.035399979785803767e-02 1.162532928716649039e+00 -6.809300222802433522e-03 3.000000000000000000e+00
1.957216815921937192e+00 6.043165573663287961e-04 6.433355213499072347e-04 5.903061672040873907e-05 2.044146235995657201e-02 -5.964256725727175024e-01 2.110954313641220589e-02 1.162248708079912429e+00 -6.932905612657933557e-03 3.000000000000000000e+00
1.992802576211426979e+00 6.037197527914504435e-04 6.426419723336097888e-04 5.885589887763208151e-05 2.156306494135499727e-02 -5.959278527296223427e-01 2.187854387569207124e-02 1.161959448846405341e+00 -7.056369646035252907e-03 3.000000000000000000e+00
2.028388336500916544e+00 6.031119664610980332e-04 6.419358387113414249e-04 5.867832073833854033e-05 2.272418349511905189e-02 -5.954212508813445659e-01 2.266097830604435134e-02 1.161665160717501699e+00 -7.179689369078645633e-03 3.000000000000000000e+00
2.063974096790406332e+00 6.024931855834709605e-04 6.412171151422944859e-04 5.849789760684902289e-05 2.392543232880482013e-02 -5.949058774044271303e-01 2.345682214497772991e-02 1.161365853576451945e+00 -7.302861806253953258e-03 3.000000000000000000e+00
2.099559857079896119e+00 6.018633970895347638e-04 6.404857961345504199e-04 5.831464504845020540e-05 2.516742088103840133e-02 -5.943817428879711873e-01 2.426605052891016995e-02 1.161061537488788709e+00 -7.425883959879159106e-03 3.000000000000000000e+00
2.135145617369385906e+00 6.012225876300623375e-04 6.397418760418142718e-04 5.812857888887394648e-05 2.645075363422463161e-02 -5.938488581352296958e-01 2.508863800471940186e-02 1.160752222702740921e+00 -7.548752809648012416e-03 3.000000000000000000e+00
2.170731377658875694e+00 6.005707435725980573e-04 6.389853490600663419e-04 5.793971521376777635e-05 2.777603002713610256e-02 -5.933072341652350090e-01 2.592455852110364667e-02 1.160437919649658367e+00 -7.671465312149121363e-03 3.000000000000000000e+00
2.206317137948365481e+00 5.999078509983404818e-04 6.382162092241263490e-04 5.774807036815627199e-05 2.914384436737774836e-02 -5.927568822144599903e-01 2.677378541975027407e-02 1.160118638944446445e+00 -7.794018400380236557e-03 3.000000000000000000e+00
2.241902898237855268e+00 5.992338956989436312e-04 6.374344504041308578e-04 5.755366095589339274e-05 3.055478574372259490e-02 -5.921978137385148777e-01 2.763629142630939090e-02 1.159794391386010259e+00 -7.916408983257610527e-03 3.000000000000000000e+00
2.277488658527345056e+00 5.985488631732347820e-04 6.366400663019207169e-04 5.735650383910572211e-05 3.200943793831861200e-02 -5.916300404138792324e-01 2.851204864117401136e-02 1.159465187957706922e+00 -8.038633945121267596e-03 3.000000000000000000e+00
2.313074418816834843e+00 5.978527386238462844e-04 6.358330504473373159e-04 5.715661613762664986e-05 3.350837933875409902e-02 -5.910535741396674148e-01 2.940102853005666789e-02 1.159131039827811849e+00 -8.160690145234289830e-03 3.000000000000000000e+00
2.348660179106324630e+00 5.971455069537602101e-04 6.350133961944254930e-04 5.695401522842150760e-05 3.505218284998006667e-02 -5.904684270394322532e-01 3.030320191436281646e-02 1.158791958349992823e+00 -8.282574417276842432e-03 3.000000000000000000e+00
2.384245939395814418e+00 5.964271527627632279e-04 6.341810967175401641e-04 5.674871874500356331e-05 3.664141580608906712e-02 -5.898746114630042392e-01 3.121853896136334364e-02 1.158447955063793167e+00 -8.404283568835617738e-03 3.000000000000000000e+00
2.419831699685304205e+00 5.956976603438097562e-04 6.333361450073565681e-04 5.654074457684096956e-05 3.827663988194112549e-02 -5.892721399883666944e-01 3.214700917415783121e-02 1.158099041695130671e+00 -8.525814380887742835e-03 3.000000000000000000e+00
2.455417459974793992e+00 5.949570136792915482e-04 6.324785338667792464e-04 5.633011086875448238e-05 3.995841100463162765e-02 -5.886610254235677964e-01 3.308858138142697913e-02 1.157745230156799865e+00 -8.647163607279028524e-03 3.000000000000000000e+00
2.491003220264283780e+00 5.942051964372110006e-04 6.316082559067497581e-04 5.611683602030614068e-05 4.168727926479756651e-02 -5.880412808086703524e-01 3.404322372697300703e-02 1.157386532548991376e+00 -8.768327974196821542e-03 3.000000000000000000e+00
2.526588980553773567e+00 5.934421919672555829e-04 6.307253035419495540e-04 5.590093868517870957e-05 4.346378882775517316e-02 -5.874129194177402091e-01 3.501090365904314244e-02 1.157022961159819729e+00 -8.889304179637085371e-03 3.000000000000000000e+00
2.562174740843263354e+00 5.926679832967728448e-04 6.298296689863961632e-04 5.568243777054601636e-05 4.528847784446711489e-02 -5.867759547608701887e-01 3.599158791943724706e-02 1.156654528465862031e+00 -9.010088892866219626e-03 3.000000000000000000e+00
2.597760501132753141e+00 5.918825531266405822e-04 6.289213442489296601e-04 5.546135243643408451e-05 4.716187836232832442e-02 -5.861304005862455480e-01 3.698524253239132698e-02 1.156281247132708856e+00 -9.130678753876681278e-03 3.000000000000000000e+00
2.633346261422242929e+00 5.910858838270320516e-04 6.280003211285864820e-04 5.523770209507307204e-05 4.908451623576575579e-02 -5.854762708822458528e-01 3.799183279323670170e-02 1.155903130015525360e+00 -9.251070372836494443e-03 3.000000000000000000e+00
2.668932021711732272e+00 5.902779574330725481e-04 6.270665912098595139e-04 5.501150641023991300e-05 5.105691103665108838e-02 -5.848135798795883744e-01 3.901132325683387414e-02 1.155520190159625704e+00 -9.371260329533396410e-03 3.000000000000000000e+00
2.704517782001222059e+00 5.894587556403845267e-04 6.261201458578402124e-04 5.478278529659181775e-05 5.307957596451370191e-02 -5.841423420535101219e-01 4.004367772577425988e-02 1.155132440801058369e+00 -9.491245172812497535e-03 3.000000000000000000e+00
2.740103542290711847e+00 5.886282598005181240e-04 6.251609762132383230e-04 5.455155891899040162e-05 5.515301775654789240e-02 -5.834625721259893982e-01 4.108885923834678516e-02 1.154739895367202340e+00 -9.611021420007422045e-03 3.000000000000000000e+00
2.775689302580201634e+00 5.877864509162661040e-04 6.241890731872817930e-04 5.431784769181659793e-05 5.727773659741396128e-02 -5.827742850680097675e-01 4.214683005627111595e-02 1.154342567477377957e+00 -9.730585556365840480e-03 3.000000000000000000e+00
2.811275062869691421e+00 5.869333096368566137e-04 6.232044274564858214e-04 5.408167227827621968e-05 5.945422602882018126e-02 -5.820774961018642113e-01 4.321755165218835182e-02 1.153940470943467078e+00 -9.849934034468276617e-03 3.000000000000000000e+00
2.846860823159181209e+00 5.860688162530239666e-04 6.222070294572945148e-04 5.384305358969617008e-05 6.168297285887756193e-02 -5.813722207035010303e-01 4.430098469690717938e-02 1.153533619770547691e+00 -9.969063273640063963e-03 3.000000000000000000e+00
2.882446583448670996e+00 5.851929506919523573e-04 6.211968693805887528e-04 5.360201278481126788e-05 6.396445707122709601e-02 -5.806584746049108237e-01 4.539708904640573500e-02 1.153122028157540946e+00 -1.008796965935729491e-02 3.000000000000000000e+00
2.918032343738160783e+00 5.843056925120894722e-04 6.201739371660565771e-04 5.335857126904172150e-05 6.629915173392691985e-02 -5.799362737965585435e-01 4.650582372858282770e-02 1.152705710497870406e+00 -1.020664954264592986e-02 3.000000000000000000e+00
2.953618104027650570e+00 5.834070208978265259e-04 6.191382224964237175e-04 5.311275069376110962e-05 6.868752290808935457e-02 -5.792056345298557396e-01 4.762714692975240222e-02 1.152284681380133291e+00 -1.032509923947371247e-02 3.000000000000000000e+00
2.989203864317140358e+00 5.824969146540412554e-04 6.180897147915399197e-04 5.286457295555496304e-05 7.113002955626575308e-02 -5.784665733196778792e-01 4.876101598088329603e-02 1.151858955588787259e+00 -1.044331503013554499e-02 3.000000000000000000e+00
3.024789624606630145e+00 5.815753522004989910e-04 6.170284032023170629e-04 5.261406019546976498e-05 7.362712345056925123e-02 -5.777191069469256313e-01 4.990738734357878792e-02 1.151428548104849181e+00 -1.056129315863203917e-02 3.000000000000000000e+00
3.060375384896119932e+00 5.806423115661106136e-04 6.159542766045158135e-04 5.236123479825253231e-05 7.617924908052199628e-02 -5.769632524611296720e-01 5.106621659578765987e-02 1.150993474106606573e+00 -1.067902983204044136e-02 3.000000000000000000e+00
3.095961145185609720e+00 5.796977703830389402e-04 6.148673235923746367e-04 5.210611939158070677e-05 7.878684356062409799e-02 -5.761990271831018973e-01 5.223745841724967975e-02 1.150553748970344348e+00 -1.079652121987867246e-02 3.000000000000000000e+00
3.131546905475099507e+00 5.787417058806539711e-04 6.137675324720801885e-04 5.184873684528253904e-05 8.145033653763492087e-02 -5.754264487076308221e-01 5.342106657466937081e-02 1.150109388271084221e+00 -1.091376345346228155e-02 3.000000000000000000e+00
3.167132665764589294e+00 5.777740948793293023e-04 6.126548912550716089e-04 5.158911027054778956e-05 8.417015009755171584e-02 -5.746455349062238316e-01 5.461699390661029635e-02 1.149660407783339222e+00 -1.103075262525348918e-02 3.000000000000000000e+00
3.202718426054079082e+00 5.767949137840765574e-04 6.115293876511749193e-04 5.132726301912871221e-05 8.694669867228072002e-02 -5.738563039298960611e-01 5.582519230811085892e-02 1.149206823481880191e+00 -1.114748478820289448e-02 3.000000000000000000e+00
3.238304186343568869e+00 5.758041385780128529e-04 6.103910090615639493e-04 5.106321868253140889e-05 8.978038894599381370e-02 -5.730587742120056838e-01 5.704561271501779746e-02 1.148748651542521371e+00 -1.126395595508398496e-02 3.000000000000000000e+00
3.273889946633058656e+00 5.748017448156566341e-04 6.092397425715412838e-04 5.079700109119728398e-05 9.267161976115212418e-02 -5.722529644711376040e-01 5.827820508802822319e-02 1.148285908342914885e+00 -1.138016209781936815e-02 3.000000000000000000e+00
3.309475706922548444e+00 5.737877076160461352e-04 6.080755749431341391e-04 5.052863431367481551e-05 9.562078202419030393e-02 -5.714388937140353342e-01 5.952291839643893134e-02 1.147818610463363864e+00 -1.149609914679922650e-02 3.000000000000000000e+00
3.345061467212038231e+00 5.727620016556759109e-04 6.068984926075010437e-04 5.025814265578136525e-05 9.862825861085640355e-02 -5.706165812385806113e-01 6.077970060160312743e-02 1.147346774687650450e+00 -1.161176299019239279e-02 3.000000000000000000e+00
3.380647227501528018e+00 5.717246011612459088e-04 6.057084816571428219e-04 4.998555065975513611e-05 1.016944242711857738e-01 -5.697860466368236398e-01 6.204849864008147448e-02 1.146870418003876901e+00 -1.172714947324887159e-02 3.000000000000000000e+00
3.416232987791017806e+00 5.706754799022164702e-04 6.045055278379111562e-04 4.971088310339714131e-05 1.048196455341005445e-01 -5.689473097980632943e-01 6.332925840648805094e-02 1.146389557605324683e+00 -1.184225439759404620e-02 3.000000000000000000e+00
3.451818748080507149e+00 5.696146111831650299e-04 6.032896165408116939e-04 4.943416499920317853e-05 1.080042806116321141e-01 -5.681003909119757278e-01 6.462192473602972054e-02 1.145904210891327324e+00 -1.195707352051542452e-02 3.000000000000000000e+00
3.487404508369996936e+00 5.685419678359364924e-04 6.020607327935912885e-04 4.915542159348575498e-05 1.112486793027412518e-01 -5.672453104717971595e-01 6.592644138672817955e-02 1.145414395468159707e+00 -1.207160255424042337e-02 3.000000000000000000e+00
3.522990268659486723e+00 5.674575222115826227e-04 6.008188612521069916e-04 4.887467836548586825e-05 1.145531828967258359e-01 -5.663820892775566218e-01 6.724275102132085125e-02 1.144920129149944676e+00 -1.218583716520547748e-02 3.000000000000000000e+00
3.558576028948976511e+00 5.663612461720823194e-04 5.995639861914664947e-04 4.859196102647462965e-05 1.179181240762147836e-01 -5.655107484393600004e-01 6.857079518884305613e-02 1.144421429959574521e+00 -1.229977297331737683e-02 3.000000000000000000e+00
3.594161789238466298e+00 5.652531110818374577e-04 5.982960914969364438e-04 4.830729551884466210e-05 1.213438268197204462e-01 -5.646313093807295846e-01 6.991051430587798265e-02 1.143918316129649337e+00 -1.241340555120543782e-02 3.000000000000000000e+00
3.629747549527956085e+00 5.641330877989358472e-04 5.970151606546082170e-04 4.802070801519119818e-05 1.248306063037367686e-01 -5.637437938419949113e-01 7.126184763747103745e-02 1.143410806103432042e+00 -1.252673042346446990e-02 3.000000000000000000e+00
3.665333309817445873e+00 5.630011466661745791e-04 5.957211767418156383e-04 4.773222491738285107e-05 1.283787688043827868e-01 -5.628482238837391183e-01 7.262473327771072629e-02 1.142898918535821817e+00 -1.263974306588979205e-02 3.000000000000000000e+00
3.700919070106935660e+00 5.618572575018358512e-04 5.944141224172955163e-04 4.744187285562194331e-05 1.319886115985619557e-01 -5.619446218902994783e-01 7.399910812996381149e-02 1.142382672294341983e+00 -1.275243890470273596e-02 3.000000000000000000e+00
3.736504830396425447e+00 5.607013895902072465e-04 5.930939799110842908e-04 4.714967868749444076e-05 1.356604228646213217e-01 -5.610330105733227768e-01 7.538490788675712706e-02 1.141862086460148751e+00 -1.286481331576658053e-02 3.000000000000000000e+00
3.772090590685915235e+00 5.595335116718382247e-04 5.917607310141408073e-04 4.685566949700923430e-05 1.393944815825103045e-01 -5.601134129753790880e-01 7.678206700931258788e-02 1.141337180329054624e+00 -1.297686162379414407e-02 3.000000000000000000e+00
3.807676350975405022e+00 5.583535919335242629e-04 5.904143570676874181e-04 4.655987259362691827e-05 1.431910574334092079e-01 -5.591858524736288416e-01 7.819051870671972493e-02 1.140807973412572673e+00 -1.308857910154570536e-02 3.000000000000000000e+00
3.843262111264894809e+00 5.571615979980089946e-04 5.890548389522588888e-04 4.626231551127787603e-05 1.470504106988067550e-01 -5.582503527835509516e-01 7.961019491473994569e-02 1.140274485438975027e+00 -1.319996096901687732e-02 3.000000000000000000e+00
3.878847871554384596e+00 5.559574969133957833e-04 5.876821570764510913e-04 4.596302600736961830e-05 1.509727921590266198e-01 -5.573069379627255682e-01 8.104102627424557281e-02 1.139736736354374225e+00 -1.331100239261775835e-02 3.000000000000000000e+00
3.914433631843874384e+00 5.547412551422586458e-04 5.862962913653597214e-04 4.566203206178333373e-05 1.549584429911728400e-01 -5.563556324146794463e-01 8.248294210928243386e-02 1.139194746323820562e+00 -1.342169848434223746e-02 3.000000000000000000e+00
3.950019392133364171e+00 5.535128385504423359e-04 5.848972212486962512e-04 4.535936187585958392e-05 1.590075946664666617e-01 -5.553964608927863811e-01 8.393587040474481675e-02 1.138648535732418754e+00 -1.353204430092664647e-02 3.000000000000000000e+00
3.985605152422853958e+00 5.522722123955399855e-04 5.834849256485718973e-04 4.505504387137300047e-05 1.631204688469808095e-01 -5.544294485042320364e-01 8.539973778366985457e-02 1.138098125186464360e+00 -1.364203484299964832e-02 3.000000000000000000e+00
4.021190912712343746e+00 5.510193413150401729e-04 5.820593829669406085e-04 4.474910668949603847e-05 1.672972772817362674e-01 -5.534546207140367269e-01 8.687446948413959924e-02 1.137543535514599524e+00 -1.375166505422204498e-02 3.000000000000000000e+00
4.056776673001833089e+00 5.497541893141280221e-04 5.806205710726842660e-04 4.444157918975158976e-05 1.715382217021384770e-01 -5.524720033491414828e-01 8.835998933578113890e-02 1.136984787768988037e+00 -1.386092982041614401e-02 3.000000000000000000e+00
4.092362433291323320e+00 5.484767197531314423e-04 5.791684672883320745e-04 4.413249044895453053e-05 1.758434937167094869e-01 -5.514816226025551771e-01 8.985621973584707878e-02 1.136421903226509711e+00 -1.396982396868304277e-02 3.000000000000000000e+00
4.127948193580812664e+00 5.471868953345991734e-04 5.777030483764008075e-04 4.382186976014193909e-05 1.802132747051542472e-01 -5.504835050375658234e-01 9.136308162490426599e-02 1.135854903389977189e+00 -1.407834226651215673e-02 3.000000000000000000e+00
4.163533953870302895e+00 5.458846780899959984e-04 5.762242905253404024e-04 4.350974663149203783e-05 1.846477357116987350e-01 -5.494776775920153788e-01 9.288049446210067117e-02 1.135283809989371839e+00 -1.418647942087981895e-02 3.000000000000000000e+00
4.199119714159792238e+00 5.445700293660043914e-04 5.747321693350737398e-04 4.319615078523179858e-05 1.891470373376689385e-01 -5.484641675826384954e-01 9.440837620000123998e-02 1.134708644983099424e+00 -1.429423007733642524e-02 3.000000000000000000e+00
4.234705474449282470e+00 5.432429098104164453e-04 5.732266598021145592e-04 4.288111215653314347e-05 1.937113296332991508e-01 -5.474430027094676632e-01 9.594664325899278368e-02 1.134129430559268625e+00 -1.440158881908281015e-02 3.000000000000000000e+00
4.270291234738771813e+00 5.419032793576023096e-04 5.717077363042501756e-04 4.256466089239757195e-05 1.983407519887489534e-01 -5.464142110603036340e-01 9.749521050125423138e-02 1.133546189136990012e+00 -1.450855016603623711e-02 3.000000000000000000e+00
4.305876995028262044e+00 5.405510972135383349e-04 5.701753725847705668e-04 4.224682735052916649e-05 2.030354330242964689e-01 -5.453778211152524591e-01 9.905399120427975379e-02 1.132958943367697202e+00 -1.461510857388517368e-02 3.000000000000000000e+00
4.341462755317751387e+00 5.391863218403805018e-04 5.686295417362297348e-04 4.192764209819599739e-05 2.077954904796797120e-01 -5.443338617513322486e-01 1.006228970339499568e-01 1.132367716136489344e+00 -1.472125843313290897e-02 3.000000000000000000e+00
4.377048515607241619e+00 5.378089109405663308e-04 5.670702161837224298e-04 4.160713591107979777e-05 2.126210311025623079e-01 -5.432823622471449898e-01 1.022018380171449831e-01 1.131772530563495360e+00 -1.482699406812993531e-02 3.000000000000000000e+00
4.412634275896730962e+00 5.364188214404257572e-04 5.654973676676560692e-04 4.128533977211380730e-05 2.175121505360907148e-01 -5.422233522876207523e-01 1.037907225138885586e-01 1.131173410005261504e+00 -1.493230973609489462e-02 3.000000000000000000e+00
4.448220036186221193e+00 5.350160094732852494e-04 5.639109672260029984e-04 4.096228487030876419e-05 2.224689332055146407e-01 -5.411568619688300608e-01 1.053894571890195142e-01 1.130570378056162895e+00 -1.503719962612387433e-02 3.000000000000000000e+00
4.483805796475710537e+00 5.336004303620441383e-04 5.623109851760084823e-04 4.063800259956696422e-05 2.274914522038401499e-01 -5.400829218028682099e-01 1.069979469833816504e-01 1.129963458549834376e+00 -1.514165785818815529e-02 3.000000000000000000e+00
4.519391556765200768e+00 5.321720386012053754e-04 5.606973910953410916e-04 4.031252455748449512e-05 2.325797691764853736e-01 -5.390015627228113004e-01 1.086160950845238005e-01 1.129352675560628905e+00 -1.524567848212024512e-02 3.000000000000000000e+00
4.554977317054690111e+00 5.307307878383365433e-04 5.590701538026567529e-04 3.998588254414119243e-05 2.377339342049002713e-01 -5.379128160877439946e-01 1.102438028969035810e-01 1.128738053405097697e+00 -1.534925547658778401e-02 3.000000000000000000e+00
4.590563077344179455e+00 5.292766308549423605e-04 5.574292413375591141e-04 3.965810856087854041e-05 2.429539856891183847e-01 -5.368167136878618795e-01 1.118809700115834249e-01 1.128119616643493917e+00 -1.545238274805532490e-02 3.000000000000000000e+00
4.626148837633669686e+00 5.278095195467242878e-04 5.557746209399323746e-04 3.932923480906545008e-05 2.482399502292076121e-01 -5.357132877496466605e-01 1.135274941754150224e-01 1.127497390081302564e+00 -1.555505412973399136e-02 3.000000000000000000e+00
4.661734597923159029e+00 5.263294049032041406e-04 5.541062590286202324e-04 3.899929368885189434e-05 2.535918425055685987e-01 -5.346025709411186266e-01 1.151832712596958935e-01 1.126871398770791677e+00 -1.565726338051812855e-02 3.000000000000000000e+00
4.697320358212649261e+00 5.248362369866862304e-04 5.524241211794287234e-04 3.866831779791015603e-05 2.590096651580666154e-01 -5.334845963771632782e-01 1.168481952283010744e-01 1.126241668012594399e+00 -1.575900418391002963e-02 3.000000000000000000e+00
4.732906118502138604e+00 5.233299649105319041e-04 5.507281721024231361e-04 3.833633993016381770e-05 2.644934086639441628e-01 -5.323593976249358928e-01 1.185221581052747497e-01 1.125608223357309479e+00 -1.586027014693204909e-02 3.000000000000000000e+00
4.768491878791628835e+00 5.218105368167191621e-04 5.490183756184929820e-04 3.800339307450442537e-05 2.700430512144679773e-01 -5.312270087093438065e-01 1.202050499418707147e-01 1.124971090607131741e+00 -1.596105479902541410e-02 3.000000000000000000e+00
4.804077639081118178e+00 5.202778998526600297e-04 5.472946946351574813e-04 3.766951041349593472e-05 2.756585585902578961e-01 -5.300874641186077429e-01 1.218967587830280530e-01 1.124330295817508762e+00 -1.606135159093529871e-02 3.000000000000000000e+00
4.839663399370608410e+00 5.187320001472428338e-04 5.455570911215763298e-04 3.733472532206658730e-05 2.813398840352852592e-01 -5.289407988099030788e-01 1.235971706332873038e-01 1.123685865298821529e+00 -1.616115389358358662e-02 3.000000000000000000e+00
4.875249159660097753e+00 5.171727827860704346e-04 5.438055260827389650e-04 3.699907136618834545e-05 2.870869681294773157e-01 -5.277870482150806009e-01 1.253061694221300759e-01 1.123037825618093954e+00 -1.626045499692834601e-02 3.000000000000000000e+00
4.910834919949587984e+00 5.156001917858595018e-04 5.420399595327941682e-04 3.666258230154397424e-05 2.928997386598691799e-01 -5.266262482464707517e-01 1.270236369687256228e-01 1.122386203600728161e+00 -1.635924810880909352e-02 3.000000000000000000e+00
4.946420680239077328e+00 5.140141700679699355e-04 5.402603504674909464e-04 3.632529207218195981e-05 2.987781104902461626e-01 -5.254584353027687005e-01 1.287494529460732340e-01 1.121731026332268177e+00 -1.645752635377746922e-02 3.000000000000000000e+00
4.982006440528567559e+00 5.124146594310220390e-04 5.384666568356862417e-04 3.598723480915865468e-05 3.047219854292607666e-01 -5.242836462750055659e-01 1.304834948445449394e-01 1.121072321160191620e+00 -1.655528277191493230e-02 3.000000000000000000e+00
5.017592200818056902e+00 5.108016005225695690e-04 5.366588355098872659e-04 3.564844482916814430e-05 3.107312520969533476e-01 -5.231019185526006865e-01 1.322256379348101252e-01 1.120410115695728459e+00 -1.665251031763648887e-02 3.000000000000000000e+00
5.053177961107547134e+00 5.091749328097834506e-04 5.348368422557829268e-04 3.530895663315978086e-05 3.168057857896039997e-01 -5.219132900295033739e-01 1.339757552301240329e-01 1.119744437815709759e+00 -1.674920185847920268e-02 3.000000000000000000e+00
5.088763721397036477e+00 5.075345945491107052e-04 5.330006317007284552e-04 3.496880490494360793e-05 3.229454483428490508e-01 -5.207177991104194881e-01 1.357337174479651687e-01 1.119075315664444847e+00 -1.684535017387502054e-02 3.000000000000000000e+00
5.124349481686526708e+00 5.058805227548567648e-04 5.311501573011302192e-04 3.462802450978333710e-05 3.291500879930462919e-01 -5.195154847171248313e-01 1.374993929710284779e-01 1.118402777655629121e+00 -1.694094795390998012e-02 3.000000000000000000e+00
5.159935241976016052e+00 5.042126531666506250e-04 5.292853713086887639e-04 3.428665049297695793e-05 3.354195392368061190e-01 -5.183063862948702472e-01 1.392726478075562990e-01 1.117726852474279164e+00 -1.703598779806845057e-02 3.000000000000000000e+00
5.195521002265506283e+00 5.025309202157410109e-04 5.274062247354506386e-04 3.394471807842544195e-05 3.417536226886001005e-01 -5.170905438188742043e-01 1.410533455509821454e-01 1.117047569078700953e+00 -1.713046221396107016e-02 3.000000000000000000e+00
5.231106762554995626e+00 5.008352569900766105e-04 5.255126673176167525e-04 3.360226266718970353e-05 3.481521449363702558e-01 -5.158679978009070854e-01 1.428413473388704946e-01 1.116364956702488254e+00 -1.722436361603574273e-02 3.000000000000000000e+00
5.266692522844485858e+00 4.991255951981113945e-04 5.236046474780514225e-04 3.325931983603539046e-05 3.546148983951209477e-01 -5.146387892959694010e-01 1.446365118111660741e-01 1.115679044856551672e+00 -1.731768432427402762e-02 3.000000000000000000e+00
5.302278283133975201e+00 4.974018651312801624e-04 5.216821122874342170e-04 3.291592533596570091e-05 3.611416611583979086e-01 -5.134029599090597085e-01 1.464386950677255550e-01 1.114989863331179665e+00 -1.741041656287161885e-02 3.000000000000000000e+00
5.337864043423464544e+00 4.956639956250863096e-04 5.197450074239963729e-04 3.257211509074293824e-05 3.677321968475467107e-01 -5.121605518020415637e-01 1.482477506251075605e-01 1.114297442198131094e+00 -1.750255245890105713e-02 3.000000000000000000e+00
5.373449803712954775e+00 4.939119140187399077e-04 5.177932771317793380e-04 3.222792519539884433e-05 3.743862544586703534e-01 -5.109116077006023993e-01 1.500635293726039765e-01 1.113601811812762632e+00 -1.759408404095641476e-02 3.000000000000000000e+00
5.409035564002444119e+00 4.921455461132766013e-04 5.158268641773445292e-04 3.188339191473356913e-05 3.811035682072288489e-01 -5.096561709013121000e-01 1.518858795275121187e-01 1.112903002816187703e+00 -1.768500323778107730e-02 3.000000000000000000e+00
5.444621324291934350e+00 4.903648161280897743e-04 5.138457098048662209e-04 3.153855168180364903e-05 3.878838573701931525e-01 -5.083942852787792788e-01 1.537146465896287451e-01 1.112201046137470728e+00 -1.777530187687802882e-02 3.000000000000000000e+00
5.480207084581423693e+00 4.885696466558017183e-04 5.118497536895310175e-04 3.119344109639916364e-05 3.947268261256591249e-01 -5.071259952929050296e-01 1.555496732949523953e-01 1.111495972995852677e+00 -1.786497168310230421e-02 3.000000000000000000e+00
5.515792844870913925e+00 4.867599586153960670e-04 5.098389338891670414e-04 3.084809692351047060e-05 4.016321633898151111e-01 -5.058513459962401537e-01 1.573907995685678574e-01 1.110787814903014370e+00 -1.795400427723452264e-02 3.000000000000000000e+00
5.551378605160403268e+00 4.849356712035327271e-04 5.078131867940213024e-04 3.050255609178507084e-05 4.085995426511454531e-01 -5.045703830414443036e-01 1.592378624766931372e-01 1.110076603665374639e+00 -1.804239117453445423e-02 3.000000000000000000e+00
5.586964365449893499e+00 4.830967018439578670e-04 5.057724470745981896e-04 3.015685569197497340e-05 4.156286218017626322e-01 -5.032831526888470464e-01 1.610906961778637014e-01 1.109362371386423796e+00 -1.813012378327388471e-02 3.000000000000000000e+00
5.622550125739382842e+00 4.812429661349167500e-04 5.037166476274641076e-04 2.981103297537464138e-05 4.227190429657782800e-01 -5.019897018141157297e-01 1.629491318732494975e-01 1.108645150469095730e+00 -1.821719340324942996e-02 3.000000000000000000e+00
5.658135886028873074e+00 4.793743777944720519e-04 5.016457195189198129e-04 2.946512535224966447e-05 4.298704323246390624e-01 -5.006900779160288195e-01 1.648129977560964243e-01 1.107924973618174880e+00 -1.830359122427625829e-02 3.000000000000000000e+00
5.693721646318362417e+00 4.774908486036294887e-04 4.995595919264424374e-04 2.911917039025739486e-05 4.370823999392382531e-01 -4.993843291243584281e-01 1.666821189602462061e-01 1.107201873842742490e+00 -1.838930832465936541e-02 3.000000000000000000e+00
5.729307406607852649e+00 4.755922883471613567e-04 4.974581920777847686e-04 2.877320581285956012e-05 4.443545395687155675e-01 -4.980725042078612552e-01 1.685563175077263443e-01 1.106475884458661962e+00 -1.847433566964306120e-02 3.000000000000000000e+00
5.764893166897341992e+00 4.736786047520156096e-04 4.953414451876180522e-04 2.842726949772780154e-05 4.516864284857707301e-01 -4.967546525823816617e-01 1.704354122553705109e-01 1.105747039091102391e+00 -1.855866410983662840e-02 3.000000000000000000e+00
5.800478927186832223e+00 4.717497034231895280e-04 4.932092743915966705e-04 2.808139947514252439e-05 4.590776272883856923e-01 -4.954308243190665428e-01 1.723192188404602254e-01 1.105015371677103619e+00 -1.864228437961642365e-02 3.000000000000000000e+00
5.836064687476321566e+00 4.698054877769407517e-04 4.910616006777158938e-04 2.773563392638579182e-05 4.665276797077957394e-01 -4.941010701526954985e-01 1.742075496253544797e-01 1.104280916468182605e+00 -1.872518709550334559e-02 3.000000000000000000e+00
5.871650447765811798e+00 4.678458589711996605e-04 4.888983428148228417e-04 2.739001118212880791e-05 4.740361124126082348e-01 -4.927654414901268543e-01 1.761002136411038144e-01 1.103543708032978410e+00 -1.880736275451678347e-02 3.000000000000000000e+00
5.907236208055301141e+00 4.658707158330436214e-04 4.867194172781423101e-04 2.704456972081542641e-05 4.816024348088283613e-01 -4.914239904188628105e-01 1.779970165299865625e-01 1.102803781259944715e+00 -1.888880173250078939e-02 3.000000000000000000e+00
5.942821968344791372e+00 4.638799547830795250e-04 4.845247381716602563e-04 2.669934816704213251e-05 4.892261388356743401e-01 -4.900767697157341618e-01 1.798977604869594904e-01 1.102061171360081637e+00 -1.896949428242357405e-02 3.000000000000000000e+00
5.978407728634280716e+00 4.618734697565718178e-04 4.823142171471998156e-04 2.635438528993521578e-05 4.969066987570024962e-01 -4.887238328557068079e-01 1.818022441999898042e-01 1.101315913869714835e+00 -1.904943053264910799e-02 3.000000000000000000e+00
6.013993488923770947e+00 4.598511521211499854e-04 4.800877633200226679e-04 2.600972000152679457e-05 5.046435709481348342e-01 -4.873652340208120548e-01 1.837102627892283346e-01 1.100568044653317923e+00 -1.912860048517880593e-02 3.000000000000000000e+00
6.049579249213260290e+00 4.578128905909109006e-04 4.778452831807684562e-04 2.566539135513048122e-05 5.124361936779069371e-01 -4.860010281092035922e-01 1.856216077449937274e-01 1.099817599906382393e+00 -1.920699401386262439e-02 3.000000000000000000e+00
6.085165009502749633e+00 4.557585711367246749e-04 4.755866805035381868e-04 2.532143854371783680e-05 5.202839868857689343e-01 -4.846312707443422574e-01 1.875360668645481566e-01 1.099064616158335950e+00 -1.928460086257965250e-02 3.000000000000000000e+00
6.120750769792239865e+00 4.536880768925408342e-04 4.733118562499166412e-04 2.497790089829738378e-05 5.281863519536577067e-01 -4.832560182843129160e-01 1.894534241875976688e-01 1.098309130275507250e+00 -1.936141064338417137e-02 3.000000000000000000e+00
6.156336530081729208e+00 4.516012880574767855e-04 4.710207084687123525e-04 2.463481788629746092e-05 5.361426714724498721e-01 -4.818753278312735699e-01 1.913734599304954820e-01 1.097551179464143045e+00 -1.943741283461724451e-02 3.000000000000000000e+00
6.191922290371219439e+00 4.494980817934527599e-04 4.687131321911764585e-04 2.429222910995376390e-05 5.441523090027929888e-01 -4.804892572410398022e-01 1.932959504191148203e-01 1.096790801273473059e+00 -1.951259677898324607e-02 3.000000000000000000e+00
6.227508050660708783e+00 4.473783321181335707e-04 4.663890193214585461e-04 2.395017430470449573e-05 5.522146088299936251e-01 -4.790978651328078874e-01 1.952206680203251166e-01 1.096028033598831941e+00 -1.958695168158727101e-02 3.000000000000000000e+00
6.263093810950199014e+00 4.452419097929109586e-04 4.640482585220292500e-04 2.360869333759431948e-05 5.603288957127291470e-01 -4.777012108990192352e-01 1.971473810720308917e-01 1.095262914684829392e+00 -1.966046660793245929e-02 3.000000000000000000e+00
6.298679571239688357e+00 4.430886822056437119e-04 4.616907350937834303e-04 2.326782620568859745e-05 5.684944746253618453e-01 -4.762993547153680507e-01 1.990758538117504417e-01 1.094495483128580471e+00 -1.973313048187757407e-02 3.000000000000000000e+00
6.334265331529178589e+00 4.409185132478624460e-04 4.593163308505277789e-04 2.292761303450112855e-05 5.767106304934677130e-01 -4.748923575509564343e-01 2.010058463036426268e-01 1.093725777882988082e+00 -1.980493208354901571e-02 3.000000000000000000e+00
6.369851091818667932e+00 4.387312631861181198e-04 4.569249239875274862e-04 2.258809407643724422e-05 5.849766279223039822e-01 -4.734802811786004706e-01 2.029371143639390196e-01 1.092953838260088295e+00 -1.987586004720636942e-02 3.000000000000000000e+00
6.405436852108158163e+00 4.365267885271277765e-04 4.545163889437616074e-04 2.224930970925383472e-05 5.932917109179688397e-01 -4.720631881852884182e-01 2.048694094847544056e-01 1.092179703934451851e+00 -1.994590285906184049e-02 3.000000000000000000e+00
6.441022612397647507e+00 4.343049418763619460e-04 4.520905962575267950e-04 2.191130043454050046e-05 6.016551026007834757e-01 -4.706411419827964404e-01 2.068024787561639211e-01 1.091403414946648942e+00 -2.001504885504648557e-02 3.000000000000000000e+00
6.476608372687137738e+00 4.320655717896829616e-04 4.496474124149948005e-04 2.157410687622423397e-05 6.100660049105737226e-01 -4.692142068184662063e-01 2.087360647864969776e-01 1.090625011706778835e+00 -2.008328621852175852e-02 3.000000000000000000e+00
6.512194132976627081e+00 4.298085226176064739e-04 4.471866996912900660e-04 2.123776977909940772e-05 6.185235983035708429e-01 -4.677824477861458052e-01 2.106699056208161946e-01 1.089844534998062331e+00 -2.015060297793732844e-02 3.000000000000000000e+00
6.547779893266117313e+00 4.275336343417542148e-04 4.447083159836506339e-04 2.090233000738844833e-05 6.270270414403650294e-01 -4.663459308373007484e-01 2.126037346574461140e-01 1.089062025980504611e+00 -2.021698700442591673e-02 3.000000000000000000e+00
6.583365653555606656e+00 4.252407424030154345e-04 4.422121146361843213e-04 2.056782854333624977e-05 6.355754708645255935e-01 -4.649047227922978309e-01 2.145372805624897183e-01 1.088277526194627809e+00 -2.028242600933348808e-02 3.000000000000000000e+00
6.618951413845096887e+00 4.229296775208910095e-04 4.396979442556871653e-04 2.023430648584039908e-05 6.441680006715714280e-01 -4.634588913518668529e-01 2.164702671822983926e-01 1.087491077565273967e+00 -2.034690754168579432e-02 3.000000000000000000e+00
6.654537174134586230e+00 4.206002655034873916e-04 4.371656485179853998e-04 1.990180504912406214e-05 6.528037221676060708e-01 -4.620085051087457484e-01 2.184024134537296269e-01 1.086702722405484822e+00 -2.041041898558019346e-02 3.000000000000000000e+00
6.690122934424076462e+00 4.182523270475633809e-04 4.346150659641977122e-04 1.957036556145534773e-05 6.614817035171497439e-01 -4.605536335595144526e-01 2.203334333121128585e-01 1.085912503420461306e+00 -2.047294755749987441e-02 3.000000000000000000e+00
6.725708694713565805e+00 4.158856775279782809e-04 4.320460297862562015e-04 1.924002946391577249e-05 6.702009893798144269e-01 -4.590943471166210599e-01 2.222630355968900906e-01 1.085120463711598093e+00 -2.053448030355248949e-02 3.000000000000000000e+00
6.761294455003056036e+00 4.135001267758773615e-04 4.294583676010165418e-04 1.891083830922619529e-05 6.789606005349847484e-01 -4.576307171206090429e-01 2.241909239547243970e-01 1.084326646780606307e+00 -2.059500409661894210e-02 3.000000000000000000e+00
6.796880215292545380e+00 4.110954788448750946e-04 4.268519012122085478e-04 1.858283376063544226e-05 6.877595334939358152e-01 -4.561628158525509735e-01 2.261167967399742296e-01 1.083531096533724369e+00 -2.065450563340866241e-02 3.000000000000000000e+00
6.832465975582035611e+00 4.086715317644178634e-04 4.242264463593971302e-04 1.825605759087437697e-05 6.965967600989916297e-01 -4.546907165466931855e-01 2.280403469125023563e-01 1.082733857286012791e+00 -2.071297143142398697e-02 3.000000000000000000e+00
6.868051735871524954e+00 4.062280772794984616e-04 4.215818124531187528e-04 1.793055168118634244e-05 7.054712271086952535e-01 -4.532144934033217054e-01 2.299612619325610563e-01 1.081934973765749763e+00 -2.077038782581600365e-02 3.000000000000000000e+00
6.903637496161014298e+00 4.037649005757948514e-04 4.189178022952541993e-04 1.760635802044036510e-05 7.143818557682952708e-01 -4.517342216018572221e-01 2.318792236526207862e-01 1.081134491118923124e+00 -2.082674096612649461e-02 3.000000000000000000e+00
6.939223256450504529e+00 4.012817799891999870e-04 4.162342117835902034e-04 1.728351870433057649e-05 7.233275413651027996e-01 -4.502499773141822037e-01 2.337939082061173957e-01 1.080332454913822238e+00 -2.088201681292000192e-02 3.000000000000000000e+00
6.974809016739993872e+00 3.987784866987015460e-04 4.135308295995186452e-04 1.696207593467548329e-05 7.323071527674516190e-01 -4.487618377182149287e-01 2.357049858927880437e-01 1.079528911145737124e+00 -2.093620113428357882e-02 3.000000000000000000e+00
7.010394777029484104e+00 3.962547844014398702e-04 4.108074368776886060e-04 1.664207201882557274e-05 7.413195319463958821e-01 -4.472698810117392010e-01 2.376121210604316691e-01 1.078723906241776387e+00 -2.098927950218695826e-02 3.000000000000000000e+00
7.045980537318973447e+00 3.937104289686283831e-04 4.080638068562752194e-04 1.632354936918302128e-05 7.503634934796553635e-01 -4.457741864264929688e-01 2.395149719830679536e-01 1.077917487065790381e+00 -2.104123728870876606e-02 3.000000000000000000e+00
7.081566297608463678e+00 3.911451680810139743e-04 4.052997045065318037e-04 1.600655050285075523e-05 7.594378240362452681e-01 -4.442748342425341668e-01 2.414131907350905715e-01 1.077109700923421842e+00 -2.109205966210098496e-02 3.000000000000000000e+00
7.117152057897953021e+00 3.885587408423840780e-04 4.025148861401137905e-04 1.569111804142200040e-05 7.685412818407011404e-01 -4.427719058028948829e-01 2.433064230611942935e-01 1.076300595567293961e+00 -2.114173158268128558e-02 3.000000000000000000e+00
7.152737818187443253e+00 3.859508773694556548e-04 3.997090989924863454e-04 1.537729471091729328e-05 7.776725961161422562e-01 -4.412654835285304000e-01 2.451943082419814623e-01 1.075490219202320130e+00 -2.119023779855435871e-02 3.000000000000000000e+00
7.188323578476932596e+00 3.833212983564051181e-04 3.968820807806568347e-04 1.506512334188552366e-05 7.868304665046521595e-01 -4.397556509335797670e-01 2.470764789548932916e-01 1.074678620491161363e+00 -2.123756284114094658e-02 3.000000000000000000e+00
7.223909338766422827e+00 3.806697146121139331e-04 3.940335592332823086e-04 1.475464686968303702e-05 7.960135624636449636e-01 -4.382424926409529964e-01 2.489525611301875996e-01 1.073865848559828251e+00 -2.128369102050086531e-02 3.000000000000000000e+00
7.259495099055912171e+00 3.779958265680401436e-04 3.911632515910387284e-04 1.444590833494722085e-05 8.052205226366916380e-01 -4.367260943982581023e-01 2.508221738016313540e-01 1.073051953003442360e+00 -2.132860642043259494e-02 3.000000000000000000e+00
7.295080859345402402e+00 3.752993237544543430e-04 3.882708640749637282e-04 1.413895088428461217e-05 8.144499541969794087e-01 -4.352065430940882940e-01 2.526849289514803143e-01 1.072236983892173257e+00 -2.137229289332458898e-02 3.000000000000000000e+00
7.330666619634891745e+00 3.725798842424773603e-04 3.853560913201771162e-04 1.383381777118469362e-05 8.237004321623208059e-01 -4.336839267746816495e-01 2.545404313496014703e-01 1.071420991777340515e+00 -2.141473405475864678e-02 3.000000000000000000e+00
7.366252379924381977e+00 3.698371740491718067e-04 3.824186157721953696e-04 1.353055235717851936e-05 8.329704986799900679e-01 -4.321583346609724763e-01 2.563882783863743464e-01 1.070604027697687144e+00 -2.145591327784768937e-02 3.000000000000000000e+00
7.401838140213871320e+00 3.670708465027773190e-04 3.794581070429025346e-04 1.322919811327400387e-05 8.422586622785368515e-01 -4.306298571660614471e-01 2.582280598986299580e-01 1.069786143185864180e+00 -2.149581368725918956e-02 3.000000000000000000e+00
7.437423900503361551e+00 3.642805415647865888e-04 3.764742212228316259e-04 1.292979862168955792e-05 8.515633970846160361e-01 -4.290985859131192792e-01 2.600593579882231610e-01 1.068967390275130658e+00 -2.153441815290561487e-02 3.000000000000000000e+00
7.473009660792850894e+00 3.614658851051389169e-04 3.734666001459826384e-04 1.263239757790000338e-05 8.608831420036263671e-01 -4.275646137537529312e-01 2.618817468331110510e-01 1.068147821506250095e+00 -2.157170928330828796e-02 3.000000000000000000e+00
7.508595421082341126e+00 3.586264881266622100e-04 3.704348706032668847e-04 1.233703879303464387e-05 8.702162998606062239e-01 -4.260280347868558581e-01 2.636947924900099327e-01 1.067327489934629448e+00 -2.160766941857370990e-02 3.000000000000000000e+00
7.544181181371830469e+00 3.557619459343578728e-04 3.673786435001169808e-04 1.204376619665505841e-05 8.795612364989874310e-01 -4.244889443779741867e-01 2.654980526881322023e-01 1.066506449137704537e+00 -2.164228062296008614e-02 3.000000000000000000e+00
7.579766941661320701e+00 3.528718372446869268e-04 3.642975129533598268e-04 1.175262383994492593e-05 8.889162798344018013e-01 -4.229474391792156784e-01 2.672910766133846372e-01 1.065684753222586156e+00 -2.167552467700307670e-02 3.000000000000000000e+00
7.615352701950810044e+00 3.499557232295307267e-04 3.611910553219625786e-04 1.146365589934951739e-05 8.982797188603085514e-01 -4.214036171497385630e-01 2.690734046822905734e-01 1.064862456833984838e+00 -2.170738306916151703e-02 3.000000000000000000e+00
7.650938462240299387e+00 3.470131464889176414e-04 3.580588281656681159e-04 1.117690668070452576e-05 9.076498026020111132e-01 -4.198575775768508822e-01 2.708445683048549824e-01 1.064039615162432284e+00 -2.173783698694230215e-02 3.000000000000000000e+00
7.686524222529789618e+00 3.440436299459754686e-04 3.549003691249007371e-04 1.089242062389840809e-05 9.170247390153222211e-01 -4.183094210977619798e-01 2.726040896355171328e-01 1.063216283952819863e+00 -2.176686730745975087e-02 3.000000000000000000e+00
7.722109982819278962e+00 3.410466756568472711e-04 3.517151947145881518e-04 1.061024230811657314e-05 9.264026938257885480e-01 -4.167592497220281023e-01 2.743514813112501449e-01 1.062392519513275069e+00 -2.179445458737993072e-02 3.000000000000000000e+00
7.757695743108769193e+00 3.380217635274896954e-04 3.485027990237192508e-04 1.033041645771989510e-05 9.357817893040529800e-01 -4.152071668547364092e-01 2.760862461757874753e-01 1.061568378724398132e+00 -2.182057905219653843e-02 3.000000000000000000e+00
7.793281503398258536e+00 3.349683499283697503e-04 3.452626523115412513e-04 1.005298794881676258e-05 9.451601029724131520e-01 -4.136532773204779079e-01 2.778078769888215893e-01 1.060743919048887429e+00 -2.184522058477685394e-02 3.000000000000000000e+00
7.828867263687748768e+00 3.318858661970122540e-04 3.419941994902219546e-04 9.778001816591998994e-06 9.545356662373120082e-01 -4.120976873881639357e-01 2.795158561189496349e-01 1.059919198541576124e+00 -2.186835871311349974e-02 3.000000000000000000e+00
7.864453023977238111e+00 3.287737170171933722e-04 3.386968584826333811e-04 9.505503263464765669e-06 9.639064629418105934e-01 -4.105405047967448096e-01 2.812096552189606857e-01 1.059094275859918222e+00 -2.188997259720684707e-02 3.000000000000000000e+00
7.900038784266728342e+00 3.256312786621883763e-04 3.353700184425036372e-04 9.235537668151644922e-06 9.732704278317766411e-01 -4.089818387818945911e-01 2.828887348820000591e-01 1.058269210274946914e+00 -2.191004101500160575e-02 3.000000000000000000e+00
7.935624544556217685e+00 3.224578970879968839e-04 3.320130378226843096e-04 8.968150595724004370e-06 9.826254449285203307e-01 -4.074218001037332448e-01 2.845525442768672697e-01 1.057444061682746073e+00 -2.192854234728322874e-02 3.000000000000000000e+00
7.971210304845707917e+00 3.192528858606678193e-04 3.286252422754532584e-04 8.703387808754333872e-06 9.919693458001896946e-01 -4.058605010756649034e-01 2.862005207606248547e-01 1.056618890616477069e+00 -2.194545456143783338e-02 3.000000000000000000e+00
8.006796065135198148e+00 3.160155238998517261e-04 3.252059223667525976e-04 8.441295279658616712e-06 1.001299907723274707e+00 -4.042980555944139520e-01 2.878320894664456175e-01 1.055793758258999793e+00 -2.196075519396472817e-02 3.000000000000000000e+00
8.042381825424687491e+00 3.127450530183867880e-04 3.217543310839097960e-04 8.181919204353543251e-06 1.010614851724682905e+00 -4.027345791713543011e-01 2.894466628643989070e-01 1.054968726456133155e+00 -2.197442133161837258e-02 3.000000000000000000e+00
8.077967585714176835e+00 3.094406752350579363e-04 3.182696811136890343e-04 7.925306017360829548e-06 1.019911840493814115e+00 -4.011701889652344311e-01 2.910436402926251387e-01 1.054143857730613476e+00 -2.198642959104280328e-02 3.000000000000000000e+00
8.113553346003666178e+00 3.061015498345800762e-04 3.147511418643882878e-04 7.671502408506302508e-06 1.029188476152901988e+00 -3.996050038164087881e-01 2.926224074560464516e-01 1.053319215296801170e+00 -2.199675609674560384e-02 3.000000000000000000e+00
8.149139106293157298e+00 3.027267901452891652e-04 3.111978362020852043e-04 7.420555341379241469e-06 1.038442297872534947e+00 -3.980391442827019843e-01 2.941823358894271601e-01 1.052494863076202547e+00 -2.200537645723940963e-02 3.000000000000000000e+00
8.184724866582646641e+00 2.993154600008678850e-04 3.076088368669209353e-04 7.172512073737326515e-06 1.047670779317778411e+00 -3.964727326770408067e-01 2.957227823812119683e-01 1.051670865713870917e+00 -2.201226573915850138e-02 3.000000000000000000e+00
8.220310626872135984e+00 2.958665698475968333e-04 3.039831625304130849e-04 6.927420180065866010e-06 1.056871325908566250e+00 -3.949058931070079104e-01 2.972430883541305469e-01 1.050847288595772699e+00 -2.201739843913317826e-02 3.000000000000000000e+00
8.255896387161625327e+00 2.923790724529510827e-04 3.003197734490377900e-04 6.685327576525638416e-06 1.066041271876114305e+00 -3.933387515164833981e-01 2.987425791980642953e-01 1.050024197867191367e+00 -2.202074845317866444e-02 3.000000000000000000e+00
8.291482147451116447e+00 2.888518581647288568e-04 2.966175666626032301e-04 6.446282548554674676e-06 1.075177877094797507e+00 -3.917714357295619121e-01 3.002205635500890812e-01 1.049201660452272700e+00 -2.202228904332181186e-02 3.000000000000000000e+00
8.327067907740605790e+00 2.852837496620745498e-04 2.928753706780038118e-04 6.210333781424132375e-06 1.084278323666352239e+00 -3.902040754969526293e-01 3.016763325159370623e-01 1.048379744074810160e+00 -2.202199280115312713e-02 3.000000000000000000e+00
8.362653668030095133e+00 2.816734961305198846e-04 2.890919395695815347e-04 5.977530394089233099e-06 1.093339712230247063e+00 -3.886368025450919750e-01 3.031091588263535308e-01 1.047558517280388735e+00 -2.201983160794815375e-02 3.000000000000000000e+00
8.398239428319584476e+00 2.780197667821991594e-04 2.852659464162052121e-04 5.747921976722933882e-06 1.102359057970628164e+00 -3.870697506282305134e-01 3.045182959209420948e-01 1.046738049460017583e+00 -2.201577659095425160e-02 3.000000000000000000e+00
8.433825188609073820e+00 2.743211436293401971e-04 2.813959759819449863e-04 5.521558632375163246e-06 1.111333286286203981e+00 -3.855030555837788975e-01 3.059029769510463459e-01 1.045918410875393612e+00 -2.200979807538049754e-02 3.000000000000000000e+00
8.469410948898564939e+00 2.705761134035454172e-04 2.774805165314202628e-04 5.298491023266201609e-06 1.120259228084630188e+00 -3.839368553912408388e-01 3.072624136919730464e-01 1.045099672685967152e+00 -2.200186553155870917e-02 3.000000000000000000e+00
8.504996709188054282e+00 2.667830584945250164e-04 2.735179506517856755e-04 5.078770422292328055e-06 1.129133614657895412e+00 -3.823712902350943632e-01 3.085957953535812259e-01 1.044281906977970298e+00 -2.199194751667501307e-02 3.000000000000000000e+00
8.540582469477543626e+00 2.629402467595502117e-04 2.695065449306244189e-04 4.862448770424819117e-06 1.137953072087749096e+00 -3.808065025720365759e-01 3.099022872762580705e-01 1.043465186795653254e+00 -2.198001161035357046e-02 3.000000000000000000e+00
8.576168229767032969e+00 2.590458200271312248e-04 2.654444383108613354e-04 4.649578740769089700e-06 1.146714115124046085e+00 -3.792426372030525683e-01 3.111810294977986335e-01 1.042649586174916987e+00 -2.196602434329884140e-02 3.000000000000000000e+00
8.611753990056524088e+00 2.550977810853344058e-04 2.613296289102701392e-04 4.440213810196226383e-06 1.155413140468388056e+00 -3.776798413508401508e-01 3.124311351738778830e-01 1.041835180179642606e+00 -2.194995111803547949e-02 3.000000000000000000e+00
8.647339750346013432e+00 2.510939789039514183e-04 2.571599590513682916e-04 4.234408339594617480e-06 1.164046419385796227e+00 -3.761182647431871584e-01 3.136516888323531704e-01 1.041022044940996372e+00 -2.193175612065419167e-02 3.000000000000000000e+00
8.682925510635502775e+00 2.470320917894056143e-04 2.529330981964660399e-04 4.032217663977075722e-06 1.172610089553725921e+00 -3.745580597029883330e-01 3.148417444380901542e-01 1.040210257700062479e+00 -2.191140222226908157e-02 3.000000000000000000e+00
8.718511270924992118e+00 2.429096081088039278e-04 2.486465234192881545e-04 3.833698193898684104e-06 1.181100146042157073e+00 -3.729993812456871560e-01 3.160003232409180352e-01 1.039399896854207972e+00 -2.188885086866149826e-02 3.000000000000000000e+00
8.754097031214483238e+00 2.387238041412244858e-04 2.442974969651606288e-04 3.638907529889148803e-06 1.189512431300895567e+00 -3.714423871850418002e-01 3.171264113747503388e-01 1.038591042007588339e+00 -2.186406195633291277e-02 3.000000000000000000e+00
8.789682791503972581e+00 2.344717185169619507e-04 2.398830403530311179e-04 3.447904591954148609e-06 1.197842624005534651e+00 -3.698872382482618071e-01 3.182189571693098129e-01 1.037783774026386219e+00 -2.183699369280629049e-02 3.000000000000000000e+00
8.825268551793461924e+00 2.301501225809382491e-04 2.353999043463005233e-04 3.260749766564605346e-06 1.206086226587970822e+00 -3.683340982017193066e-01 3.192768681292610933e-01 1.036978175099315669e+00 -2.180760243865083325e-02 3.000000000000000000e+00
8.860854312082951267e+00 2.257554858591641084e-04 2.308445339599062799e-04 3.077505074068236715e-06 1.214238551241349606e+00 -3.667831339886442055e-01 3.202990075259518066e-01 1.036174328804151612e+00 -2.177584252815068303e-02 3.000000000000000000e+00
8.896440072372442387e+00 2.212839356040046594e-04 2.262130274650660667e-04 2.898234360051863158e-06 1.222294704148012112e+00 -3.652345158804505831e-01 3.212841905360608874e-01 1.035372320181075168e+00 -2.174166606492358711e-02 3.000000000000000000e+00
8.932025832661931730e+00 2.167312091314666021e-04 2.215010880868172245e-04 2.723003514960433989e-06 1.230249567625142371e+00 -3.636884176436314120e-01 3.222311798471202415e-01 1.034572235813836727e+00 -2.170502268797444567e-02 3.000000000000000000e+00
8.967611592951421073e+00 2.120925973195832148e-04 2.167039667404083224e-04 2.551880727231827142e-06 1.238097779817076249e+00 -3.621450167245144347e-01 3.231386806324195726e-01 1.033774163919843447e+00 -2.166585930267596327e-02 3.000000000000000000e+00
9.003197353240910417e+00 2.073628771832929595e-04 2.118163936924141787e-04 2.384936776462909671e-06 1.245833711476912686e+00 -3.606044944546130115e-01 3.240053347747260393e-01 1.032978194450588472e+00 -2.162411976984126086e-02 3.000000000000000000e+00
9.038783113530401536e+00 2.025362308341191941e-04 2.068324964165945453e-04 2.222245374694380813e-06 1.253451439272543100e+00 -3.590670362798409898e-01 3.248297141895655216e-01 1.032184419204031256e+00 -2.157974454441301607e-02 3.000000000000000000e+00
9.074368873819890879e+00 1.976061473135163032e-04 2.017457000832292087e-04 2.063883565982566098e-06 1.260944714910458009e+00 -3.575328320175453212e-01 3.256103130608115626e-01 1.031392931950913860e+00 -2.153267025310565824e-02 3.000000000000000000e+00
9.109954634109380223e+00 1.925653026670841143e-04 1.965486059827209009e-04 1.909932197151090275e-06 1.268306929185866849e+00 -3.560020761461619165e-01 3.263455387517112394e-01 1.030603828577448144e+00 -2.148282919747751540e-02 3.000000000000000000e+00
9.145540394398869566e+00 1.874054120700779284e-04 1.912328416048075200e-04 1.760476476228632748e-06 1.275531069823581554e+00 -3.544749681333906888e-01 3.270337010888429985e-01 1.029817207247294863e+00 -2.143014876512238168e-02 3.000000000000000000e+00
9.181126154688358909e+00 1.821170456226946731e-04 1.857888738707584337e-04 1.615606639981570668e-06 1.282609671644334259e+00 -3.529517128101968271e-01 3.276729996275433709e-01 1.029033168586534819e+00 -2.137455072651744600e-02 3.000000000000000000e+00
9.216711914977850029e+00 1.766893962935111109e-04 1.802057738297807847e-04 1.475418758626323644e-06 1.289534757144044530e+00 -3.514325207997711087e-01 3.282615083865514372e-01 1.028251815896205734e+00 -2.131595038806076078e-02 3.000000000000000000e+00
9.252297675267339372e+00 1.711099839100643078e-04 1.744709164841079258e-04 1.340015715103500675e-06 1.296297764953460163e+00 -3.499176090130172168e-01 3.287971573716824691e-01 1.027473255398223539e+00 -2.125425556206688923e-02 3.000000000000000000e+00
9.287883435556828715e+00 1.653642722791536348e-04 1.685695924902032262e-04 1.209508409433548661e-06 1.302889462773096252e+00 -3.484072012253815465e-01 3.292777099715571976e-01 1.026697596522121669e+00 -2.118936530069412058e-02 3.000000000000000000e+00
9.323469195846318058e+00 1.594351661420585601e-04 1.624844979524069403e-04 1.084017257628315002e-06 1.309299840124979797e+00 -3.469015287542775439e-01 3.297007349674844767e-01 1.025924952242304178e+00 -2.112116832086619739e-02 3.000000000000000000e+00
9.359054956135809178e+00 1.533023384638825622e-04 1.561950520784757596e-04 9.636740825635900841e-07 1.315517974423655811e+00 -3.454008312625333477e-01 3.300635713982720265e-01 1.025155439478604880e+00 -2.104954101790992502e-02 3.000000000000000000e+00
9.394640716425298521e+00 1.469413125100984348e-04 1.496764660318192089e-04 8.486245364171865714e-07 1.321531861102342997e+00 -3.439053577220212987e-01 3.303632837649025378e-01 1.024389179577334108e+00 -2.097434492129029299e-02 3.000000000000000000e+00
9.430226476714787864e+00 1.403221799059602625e-04 1.428984424103470717e-04 7.390312598707454578e-07 1.327328194248488247e+00 -3.424153675843433775e-01 3.305966038876113622e-01 1.023626298896435083e+00 -2.089542337688788873e-02 3.000000000000000000e+00
9.465812237004277208e+00 1.334077612590075102e-04 1.358233090456246257e-04 6.350780885689520231e-07 1.332892077359771665e+00 -3.409311322244021336e-01 3.307598538499074703e-01 1.022866929527910695e+00 -2.081259712958364455e-02 3.000000000000000000e+00
9.501397997293768327e+00 1.261508814056457929e-04 1.284032542690949526e-04 5.369757929111662223e-07 1.338206632470529289e+00 -3.394529367518896446e-01 3.308488413391431626e-01 1.022111210205428611e+00 -2.072565829531342399e-02 3.000000000000000000e+00
9.536983757583257670e+00 1.184901757986469331e-04 1.205760713823120678e-04 4.449701434251565240e-07 1.343252456174956144e+00 -3.379810823324503333e-01 3.308587132557924138e-01 1.021359287468617261e+00 -2.063436188978113803e-02 3.000000000000000000e+00
9.572569517872747014e+00 1.056861377146609953e-04 1.075042185119947730e-04 3.602503045685007780e-07 1.347956695207940259e+00 -3.365159002586609049e-01 3.307691607818901702e-01 1.020611322818736122e+00 -2.053750244386354576e-02 1.356919999999999904e+00
9.608155278162236357e+00 8.955762633721350873e-05 9.104916831351029366e-05 2.877536497482302806e-07 1.352033126986226907e+00 -3.350579740158061148e-01 3.304983977085086400e-01 1.019867605907121666e+00 -2.043007584000148744e-02 1.356919999999999904e+00
9.643741038451727476e+00 7.518974563648255828e-05 7.640104236284626568e-05 2.269713099867064408e-07 1.355495903667287338e+00 -3.336080589197209512e-01 3.300526588908369030e-01 1.019128513126031255e+00 -2.031262303616966289e-02 1.356919999999999904e+00
9.679326798741216820e+00 6.247674843153627202e-05 6.344943840591295379e-05 1.765306223925557911e-07 1.358408720106343726e+00 -3.321668178002666338e-01 3.294524038996337056e-01 1.018394372716572960e+00 -2.018655458273365538e-02 1.356919999999999904e+00
9.714912559030706163e+00 5.131181136264458198e-05 5.208311264120994716e-05 1.351456080615459884e-07 1.360832173879294338e+00 -3.307348164516401012e-01 3.287169398352257632e-01 1.017665462640182872e+00 -2.005318639123787952e-02 1.356919999999999904e+00
9.750498319320195506e+00 4.158787372074465284e-05 4.219083538053522843e-05 1.016206884007578766e-07 1.362823623049199018e+00 -3.293125304269483578e-01 3.278643779238522571e-01 1.016942014225648672e+00 -1.991373829017743791e-02 1.356919999999999904e+00
9.786084079609686626e+00 3.319833790187019042e-05 3.366210228204727671e-05 7.485261909660716122e-08 1.364437075450663173e+00 -3.279003518924707428e-01 3.269116054946818450e-01 1.016224215828689159e+00 -1.976933375781420033e-02 1.356919999999999904e+00
9.821669839899175969e+00 2.603763934170245527e-05 2.638770990131023177e-05 5.383093809956413789e-08 1.365723104926065634e+00 -3.264985964650097272e-01 3.258742710455032610e-01 1.015512216465048079e+00 -1.962100063217504103e-02 1.356919999999999904e+00
9.857255600188665312e+00 2.000169416556978315e-05 2.026020463323058331e-05 3.763720408207874359e-08 1.366728790047772479e+00 -3.251075099695497905e-01 3.247667801876859550e-01 1.014806129385412481e+00 -1.946967261021764761e-02 1.356919999999999904e+00
9.892841360478154655e+00 1.498823250227947288e-05 1.517421376421958977e-05 2.544327882803062752e-08 1.367497670978218505e+00 -3.237272750673456101e-01 3.236023003696213984e-01 1.014106035567302166e+00 -1.931619136202744613e-02 1.356919999999999904e+00
9.928427120767643999e+00 1.089702438855946439e-05 1.102666625642619163e-05 1.650888271812584312e-08 1.368069720224411645e+00 -3.223580177164238614e-01 3.223927723971939940e-01 1.013411987105240719e+00 -1.916130910055311581e-02 1.356919999999999904e+00
9.964012881057135118e+00 7.630003248170964846e-06 7.716908861041497445e-06 1.017862846885304712e-08 1.368481323096932822e+00 -3.209998134373312495e-01 3.211489268839605726e-01 1.012724010486189430e+00 -1.900569146159664796e-02 1.356919999999999904e+00
9.999598641346624461e+00 5.091288638934069328e-06 5.146719779398683225e-06 5.878716055235854469e-09 1.368765263632274687e+00 -3.196526933668381587e-01 3.198803038540072863e-01 1.012042109742315787e+00 -1.884992056127829385e-02 1.356919999999999904e+00
1.003518440163611380e+01 2.479247572113798561e-06 2.504133124745738574e-06 3.294247312369287725e-09 1.368938513315939520e+00 -3.183166532321644593e-01 3.185919305553150394e-01 1.011366271065976319e+00 -1.869430038729842300e-02 6.222299999999999498e-01
1.007077016192560315e+01 1.222834181801866793e-06 1.233792120934229854e-06 2.122077565849449127e-09 1.369018284810959774e+00 -3.169916796901806610e-01 3.172888061546089156e-01 1.010696476180391823e+00 -1.853912777568577502e-02 6.222299999999999498e-01
1.010635592221509427e+01 7.035521770735549441e-07 7.091062267660845988e-07 1.504463704562494926e-09 1.369060959678723766e+00 -3.156777047726421759e-01 3.159864673565143667e-01 1.010032679347894646e+00 -1.838531088626070217e-02 6.222299999999999498e-01
1.014194168250458361e+01 5.192654033249491727e-07 5.230180161408886151e-07 1.115403710232752162e-09 1.369088260299368365e+00 -3.143746186912616536e-01 3.146907907827822259e-01 1.009374813910191904e+00 -1.823317669797314480e-02 1.287330000000000085e+00
1.017752744279407295e+01 4.067751076691914240e-07 4.095087548351964547e-07 8.145730232337326563e-10 1.369109699172542216e+00 -3.130822960179551750e-01 3.134042580679233247e-01 1.008722805605215100e+00 -1.808284858855906813e-02 1.287330000000000085e+00
1.021311320308356230e+01 3.135924943588173825e-07 3.155425069649718196e-07 5.827419303362491370e-10 1.369126476813642634e+00 -3.118006084297990088e-01 3.121270793720479220e-01 1.008076578942583623e+00 -1.793431611741804280e-02 1.287330000000000085e+00
1.024869896337305342e+01 2.373373662037266511e-07 2.386951126520273713e-07 4.071082741194277963e-10 1.369139383669846000e+00 -3.105294287198721581e-01 3.108593513788945328e-01 1.007436059271447526e+00 -1.778756244077281737e-02 1.287330000000000085e+00
1.028428472366254276e+01 1.758080482334654120e-07 1.767270960158137832e-07 2.766531382335325365e-10 1.369149117889699951e+00 -3.092686309262521749e-01 3.096011441944452880e-01 1.006801172827958668e+00 -1.764256944260497034e-02 1.287330000000000085e+00
1.031987048395203210e+01 1.269737373051760264e-07 1.275754280434840708e-07 1.819717124404694618e-10 1.369156290962922462e+00 -3.080180904171110901e-01 3.083525034619239436e-01 1.006171846772258238e+00 -1.749931788625870219e-02 1.287330000000000085e+00
1.035545624424152145e+01 8.896739704291213436e-08 8.934587362673323087e-08 1.151153552638511115e-10 1.369161433250506210e+00 -3.067776839653517107e-01 3.071134523892480317e-01 1.005548009220128991e+00 -1.735778755689234079e-02 1.287330000000000085e+00
1.039104200453101257e+01 6.007922421811590410e-08 6.030594606771329626e-08 6.944404943922106560e-11 1.369164999421101481e+00 -3.055472898134101167e-01 3.058839936957943872e-01 1.004929589269684787e+00 -1.721795739545345719e-02 1.287330000000000085e+00
1.042662776482050191e+01 3.875072817153546120e-08 3.887850789037461593e-08 3.948845898265178635e-11 1.369167373812319788e+00 -3.043267877288056700e-01 3.046641114858104626e-01 1.004316517023405853e+00 -1.707980562485733947e-02 1.287330000000000085e+00
1.046221352510999125e+01 2.356948884709527783e-08 2.363608076733673531e-08 2.082079942246347405e-11 1.369168875739311675e+00 -3.031160590509666686e-01 3.034537730565272096e-01 1.003708723605802433e+00 -1.694330986906555578e-02 1.287330000000000085e+00
1.049779928539948060e+01 1.326469761386701747e-08 1.329596591883212599e-08 9.933718493348882373e-12 1.369169764778344733e+00 -3.019149867298124845e-01 3.022529306501347546e-01 1.003106141176967725e+00 -1.680844726579993481e-02 1.287330000000000085e+00
1.053338504568897172e+01 6.703650629432376070e-09 6.716341754898850754e-09 4.126342591448225399e-12 1.369170246061207408e+00 -3.007234553565159563e-01 3.010615231605550668e-01 1.002508702942257468e+00 -1.667519457369998764e-02 1.287330000000000085e+00
1.056897080597846106e+01 2.889483975075726585e-09 2.893624664196076584e-09 1.396553726264470442e-12 1.369170475629177597e+00 -2.995413511868110779e-01 2.998794778088559876e-01 1.001916343158286260e+00 -1.654352827486636757e-02 1.287330000000000085e+00
1.060455656626795040e+01 9.606791854539643967e-10 9.616175470496658329e-10 3.383782898056555816e-13 1.369170565917382953e+00 -2.983685621571294244e-01 2.987067118062760596e-01 1.001328997135400245e+00 -1.641342467398386809e-02 1.287330000000000085e+00
1.064014232655743974e+01 1.934179977309380351e-10 1.935194189496717741e-10 4.298489757993547950e-14 1.369170591482079757e+00 -2.972049778937589370e-01 2.975431340337210129e-01 1.000746601236739863e+00 -1.628485999572135481e-02 1.287330000000000085e+00
1.067572808684692909e+01 9.804697972907344180e-12 9.805744464659264445e-12 6.114128060590951649e-16 1.369170595199414642e+00 -2.960504897150476045e-01 2.963886467947908776e-01 1.000169092873901988e+00 -1.615781048359597738e-02 1.584249999999999936e+00
